  1   7 17 +00 00   7      1491  603
  2   7 41 +00 00  19       933  604
  3   8 05 -00 30  29      1298  605
  4   8 29 -00 30 107      1305  606
  5   8 53 -00 30  57       469  607
  6   9 17 -00 30  50       430  608
  7   9 41 -00 30  59      1318  609
  8  10 05 -00 30  93       470  610
  9  10 29 -00 30 101       467  611
 10  10 53 -00 30  79      1397  612
 11  11 17 -00 30 114      1400  613
 12  11 41 -00 30 116       471  614
 13  12 04 -00 30 122      1401  615
 14  12 28 -00 30 110      1405  616
 15  12 52 -00 30  62      1578  617
 16  13 16 -00 30  84      1595  618
 17  13 40 -00 30  95       465  619
 18  14 04 -00 30 114      1424  620
 19  14 28 -00 30  84      1440  621
 20  14 52 -00 30  61      1613  622
 21  15 16 -00 30 104      1402  623
 22  15 40 -00 30  48       151  624
 23  16 04 -00 30  32       761  625
 24  16 28 +00 00  25       143  626
 25  16 52 +00 00  19       155  627
 26  17 16 +00 00   8      1154  628
 27  17 40 +00 00   5      1144  629
 28  18 04 +00 00   5       773  630
 29   7 17 +06 00  29       999  543
 30   7 41 +06 00  29      1527  544
 31   8 05 +05 30  81        27  545
 32   8 29 +05 30  55       642  546
 33   8 53 +05 30  61      1358  547
 34   9 17 +05 30  58        28  548
 35   9 41 +05 30  90       233  549
 36  10 05 +05 30  93      1359  550
 37  10 29 +05 30 126      1399  551
 38  10 53 +05 30 136       722  552
 39  11 17 +05 30 204      1392  553
 40  11 41 +05 30  67       495  554
 41  12 04 +05 30  77      1611  555
 42  12 28 +05 30 208      1560  556
 43  12 52 +05 30 142       104  557
 44  13 16 +05 30  90      1561  558
 45  13 40 +05 30 137        90  559
 46  14 04 +05 30  91        96  560
 47  14 28 +05 30 148      1418  561
 48  14 52 +05 30 120      1421  562
 49  15 16 +05 30 185      1429  563
 50  15 40 +05 30 120      1082  564
 51  16 04 +05 30  75      1067  565
 52  16 28 +06 00  63        88  566
 53  16 52 +06 00  31      1056  567
 54  17 16 +06 00  32       169  568
 55  17 40 +06 00  22       780  569
 56  18 04 +06 00  11       164  570
 57   7 17 +12 00  19      1354  483
 58   7 41 +12 00  74      1003  484
 59   8 05 +11 30  61       247  485
 60   8 29 +11 30  39       456  486
 61   8 53 +11 30  58       438  487
 62   9 17 +11 30  43      1508  488
 63   9 41 +11 30 106       990  489
 64  10 05 +11 30 106        74  490
 65  10 29 +11 30  93       238  491
 66  10 53 +11 30 119       976  492
 67  11 17 +11 30  96        66  493
 68  11 41 +11 30  94       468  494
 69  12 04 +11 30 140      1385  495
 70  12 28 +11 30 231      1563  496
 71  12 52 +11 30 109        41  497
 72  13 16 +11 30 105      1420  498
 73  13 40 +11 30  96      1079  499
 74  14 04 +11 30 162      1051  500
 75  14 28 +11 30 119        65  501
 76  14 52 +11 30 154      1087  502
 77  15 16 +11 30 137      1422  503
 78  15 40 +11 30  99       136  504
 79  16 04 +11 30  93       168  505
 80  16 28 +12 00  57      1372  506
 81  16 52 +12 00  23       251  507
 82  17 16 +12 00  35       505  508
 83  17 40 +12 00  32      1580  509
 84  18 04 +12 00  34       123  510
 85   6 53 +18 00  40       417  422
 86   7 17 +18 00  44       641  423
 87   7 41 +18 00  50      1507  424
 88   8 05 +17 30  60       236  425
 89   8 29 +17 30  70      1311  426
 90   8 53 +17 30  79        62  427
 91   9 17 +17 30 101        57  428
 92   9 41 +17 30  75      1509  429
 93  10 05 +17 30  94      1356  430
 94  10 29 +17 30 119        58  431
 95  10 53 +17 30 117       463  432
 96  11 17 +17 30  57        51  433
 97  11 41 +17 30 185      1406  434
 98  12 04 +17 30 146        89  435
 99  12 28 +17 30 113      1576  436
100  12 52 +17 30  30      1572  437
101  13 16 +17 30  61        80  438
102  13 40 +17 30  81      1019  439
103  14 04 +17 30 136        81  440
104  14 28 +17 30  71      1417  441
105  14 52 +17 30 115        54  442
106  15 16 +17 30  46        91  443
107  15 40 +17 30  59        82  444
108  16 04 +17 30 174        83  445
109  16 28 +18 00  40        55  446
110  16 52 +18 00  29       122  447
111  17 16 +18 00  45      1127  448
112  17 40 +18 00  70       274  449
113  18 04 +18 00  35       529  450
114  18 28 +18 00  26       808  451
115   6 36 +24 00  22        23  364
116   7 02 +24 00  51      1590  365
117   7 28 +24 00  69      1310  366
118   7 54 +23 30  69       226  367
119   8 20 +23 30 130      1364  368
120   8 46 +23 30  57      1355  369
121   9 12 +23 30 100       237  370
122   9 38 +23 30 100        25  371
123  10 03 +23 30  40      1352  372
124  10 29 +23 30  65      1380  373
125  10 55 +23 30  36      1366  374
126  11 21 +23 30 111      1353  375
127  11 47 +23 30 141       103  376
128  12 13 +23 30  91       135  377
129  12 39 +23 30  29      1435  378
130  13 05 +23 30  30      1581  379
131  13 30 +23 30  36       125  380
132  13 56 +23 30  80        68  381
133  14 22 +23 30  99        61  382
134  14 48 +23 30  72       102  383
135  15 14 +23 30  61        87  384
136  15 40 +23 30 115      1119  385
137  16 06 +23 30  81       113  386
138  16 32 +24 00  73      1438  387
139  16 58 +24 00  47      1377  388
140  17 24 +24 00  60       263  389
141  17 50 +24 00  48       260  390
142  18 16 +24 00  52      1089  391
143  18 42 +24 00  33       284  392
144   6 10 +30 00   5       411  307
145   6 36 +30 00  19       920  308
146   7 02 +30 00  50      1337  309
147   7 28 +30 00  63       678  310
148   7 54 +29 30 117      1344  311
149   8 20 +29 30  59      1351  312
150   8 46 +29 30  62       924  313
151   9 12 +29 30  94      1365  314
152   9 38 +29 30  79       466  315
153  10 03 +29 30  35      1396  316
154  10 29 +29 30  47      1387  317
155  10 55 +29 30  91      1357  318
156  11 21 +29 30 102        99  319
157  11 47 +29 30  89      1379  320
158  12 13 +29 30 116      1398  321
159  12 39 +29 30 119        64  322
160  13 05 +29 30 209      1393  323
161  13 30 +29 30 141       131  324
162  13 56 +29 30  68        86  325
163  14 22 +29 30  89        70  326
164  14 48 +29 30  57      1390  327
165  15 14 +29 30  65      1092  328
166  15 40 +29 30  69       121  329
167  16 06 +29 30  70       134  330
168  16 32 +30 00  37      1097  331
169  16 58 +30 00  56       129  332
170  17 24 +30 00  38       152  333
171  17 50 +30 00  52       532  334
172  18 16 +30 00  41       282  335
173  18 42 +30 00  29       267  336
174   6 10 +36 00   4       942  254
175   6 38 +36 00  24      1268  255
176   7 06 +36 00  44       889  256
177   7 34 +35 30  52      1336  257
178   8 02 +35 30  39       989  258
179   8 30 +35 30  34       648  259
180   8 58 +35 30  64      1342  260
181   9 26 +35 30  87       925  261
182   9 54 +35 30  82      1345  262
183  10 22 +35 30  33      1032  263
184  10 49 +35 30  58       731  264
185  11 17 +35 30  90       695  265
186  11 45 +35 30  82       109  266
187  12 13 +35 30  48      1599  267
188  12 41 +35 30  32       105  268
189  13 08 +35 30  67       110  269
190  13 36 +35 30  73       116  270
191  14 04 +35 30  80       106  271
192  14 32 +35 30  63       127  272
193  15 00 +35 30  18      1610  273
194  15 28 +35 30  16       107  274
195  15 56 +35 30  22        71  275
196  16 23 +36 00  98      1093  276
197  16 51 +36 00  40      1069  277
198  17 19 +36 00  50      1132  278
199  17 47 +36 00  36       277  279
200  18 15 +36 00  27       197  280
201  18 43 +36 00  46       148  281
202  19 11 +36 00   9      1434  282
203   6 07 +42 00   9       669  205
204   6 37 +42 00  33       696  206
205   7 07 +42 00  47       988  207
206   7 36 +41 30  41       701  208
207   8 06 +41 30  63      1329  209
208   8 36 +41 30  69       707  210
209   9 06 +41 30  66       721  211
210   9 36 +41 30  45       661  212
211  10 06 +41 30  55       711  213
212  10 36 +41 30  65       690  214
213  11 05 +41 30  43      1349  215
214  11 35 +41 30  35       719  216
215  12 05 +41 30  67      1367  217
216  12 35 +41 30  34       115  218
217  13 04 +41 30  34       133  219
218  13 34 +41 30  66       154  220
219  14 04 +41 30  72      1386  221
220  14 34 +41 30  62       145  222
221  15 04 +41 30  52      1371  223
222  15 33 +41 30  56      1376  224
223  16 03 +41 30  56      1369  225
224  16 33 +42 00 105       743  226
225  17 03 +42 00 102      1135  227
226  17 33 +42 00  47       753  228
227  18 03 +42 00  28       324  229
228  18 33 +42 00  33      1445  230
229  19 03 +42 00  39       340  231
230  19 33 +42 00  30       281  232
231   5 13 +48 00   2       224  159
232   5 47 +48 00   5       637  160
233   6 21 +48 00  26       225  161
234   6 55 +48 00 115       691  162
235   7 29 +47 30  51       670  163
236   8 03 +47 30  42      1317  164
237   8 37 +47 30  24       671  165
238   9 10 +47 30  67      1004  166
239   9 44 +47 30  55       672  167
240  10 18 +47 30  65      1348  168
241  10 52 +47 30  96       709  169
242  11 25 +47 30  79       700  170
243  11 59 +47 30  69      1338  171
244  12 33 +47 30  46      1408  172
245  13 06 +47 30  40      1350  173
246  13 40 +47 30  29      1593  174
247  14 14 +47 30  42       120  175
248  14 48 +47 30  56      1368  176
249  15 21 +47 30  35       706  177
250  15 55 +47 30  50      1404  178
251  16 29 +48 00  43      1375  179
252  17 03 +48 00  45      1370  180
253  17 37 +48 00  40       769  181
254  18 11 +48 00  44       130  182
255  18 45 +48 00  27       770  183
256  19 19 +48 00  21       814  184
257  19 53 +48 00  36       283  185
258   5 12 +54 00  10      1309  120
259   5 50 +54 00  13       664  121
260   6 28 +54 00  41       984  122
261   7 06 +54 00  72       971  123
262   7 43 +53 30  74       985  124
263   8 21 +53 30  83       679  125
264   8 59 +53 30 106       982  126
265   9 37 +53 30  55       681  127
266  10 14 +53 30  63      1331  128
267  10 52 +53 30  58       673  129
268  11 29 +53 30  97        59  130
269  12 07 +53 30  63      1389  131
270  12 44 +53 30  53       729  132
271  13 22 +53 30  61       675  133
272  13 59 +53 30  47      1409  134
273  14 37 +53 30  39       715  135
274  15 15 +53 30  49      1096  136
275  15 52 +53 30  29      1413  137
276  16 30 +54 00  53      1101  138
277  17 08 +54 00  46       765  139
278  17 46 +54 00  46      1102  140
279  18 24 +54 00  24       789  141
280  19 02 +54 00  25       542  142
281  19 40 +54 00  12       774  143
282  20 18 +54 30   3       543  144
283   5 16 +60 00   4       993   86
284   6 00 +60 00  14       959   87
285   6 44 +60 00  18      1264   88
286   7 28 +60 00  80      1291   89
287   8 12 +59 30  85       960   90
288   8 55 +59 30  31      1296   91
289   9 39 +59 30  31       703   92
290  10 22 +59 30  72       962   93
291  11 06 +59 30  78       712   94
292  11 49 +59 30  85       723   95
293  12 32 +59 30  45      1427   96
294  13 16 +59 30  59       704   97
295  13 59 +59 30  48       705   98
296  14 42 +59 30  23      1425   99
297  15 26 +59 30  31       755  100
298  16 10 +60 00  46      1100  101
299  16 53 +60 00  72      1414  102
300  17 37 +60 00 105      1148  103
301  18 21 +60 00  37       512  104
302  19 05 +60 00  14       830  105
303  19 50 +60 00  18       545  106
304  20 34 +60 30   6       593  107
305   3 37 +66 30   3       973   55
306   4 29 +66 00   8      1303   56
307   5 22 +66 00  28      1246   57
308   6 14 +66 00  40       677   58
309   7 06 +66 00  40       686   59
310   7 57 +65 30  57      1330   60
311   8 48 +65 30  34      1286   61
312   9 40 +65 30  35       708   62
313  10 31 +65 30  42       662   63
314  11 22 +65 30  42       977   64
315  12 13 +65 30  53       674   65
316  13 04 +65 30  21       717   66
317  13 55 +65 30  18      1428   67
318  14 46 +65 30  24      1575   68
319  15 37 +65 30  43      1426   69
320  16 29 +66 00  57      1410   70
321  17 20 +66 00  45       745   71
322  18 12 +66 00  47       550   72
323  19 04 +66 00  14      1090   73
324  19 57 +66 00   7       777   74
325  20 49 +66 30   6       546   75
326   2 25 +72 30   5      1230   31
327   3 34 +72 30  17       865   32
328   4 43 +72 00  40       866   33
329   5 52 +72 00  36       975   34
330   6 59 +72 00  51       665   35
331   8 07 +71 30  74       680   36
332   9 13 +71 30  68      1325   37
333  10 20 +71 30  67       685   38
334  11 26 +71 30  58       714   39
335  12 32 +71 30  34      1411   40
336  13 38 +71 30  46      1341   41
337  14 45 +71 30  37      1442   42
338  15 52 +71 30  59       752   43
339  16 59 +72 00  55       756   44
340  18 06 +72 00  54       801   45
341  19 15 +72 00  32      1149   46
342  20 24 +72 30   1       809   47
343  21 33 +72 30   3       772   48
344   0 05 +78 30   9      1213   13
345   1 41 +78 30   3      1214   14
346   3 17 +78 30   9      1226   15
347   4 51 +78 00  26      1322   16
348   6 23 +78 00  35      1256   17
349   7 54 +77 30  35      1295   18
350   9 23 +77 30  57       693   19
351  10 52 +77 30  72      1326   20
352  12 20 +77 30  61      1339   21
353  13 49 +77 30  47      1374   22
354  15 18 +77 30  34       768   23
355  16 48 +78 00  35      1433   24
356  18 19 +78 00  13       776   25
357  19 52 +78 00  11       832   26
358  21 26 +78 30   3      1232   27
359  23 02 +78 30   8      1210   28
360   0 06 +84 30   9       568    3
361   2 51 +84 30  12      1277    4
362   5 24 +84 00  49      1328    5
363   7 52 +83 30  51       692    6
364  10 12 +83 30  19       727    7
365  12 33 +83 30  18      1340    8
366  14 52 +83 30  30      1363    9
367  17 16 +84 00  24       775   10
368  19 45 +84 00   4       802   11
369  22 25 +84 30   3      1216   12
370A 19 43 +90 00  10       570    1
370B 22 31 +90 00  15       567    2
371  19 41 +00 00   5       167  634
372  20 05 +00 30  21       297  635
373  20 29 +00 30  50       794  636
374  20 53 +00 30  43       305  637
375  21 17 +00 30  49       575  638
376  21 41 +00 30  53      1130  639
377  22 05 +00 30  46      1146  640
378  22 29 +00 30  18       364  641
379  22 53 +00 30  35       905  642
380  23 17 +00 30  67       834  643
381  23 41 +00 30  62       431  644
382   0 05 +00 30  42       319  585
383   0 29 +00 30  80       591  586
384   0 53 +00 30  78      1196  587
385   1 17 +00 30 167      1259  588
386   1 41 +00 30  56       362  589
387   2 05 +00 30  70       852  590
388   2 29 +00 30 103      1283  591
389   2 53 +00 30  84      1453  592
390   3 17 +00 30  98       363  593
391   3 41 +00 30  43       932  594
392   4 05 +00 30  22       232  595
393   4 29 +00 00  74      1524  596
394   4 53 +00 00  79       969  597
395   5 17 +00 00  27       909  598
396   5 41 +00 00   2       435  599
397  19 41 +06 00  15       171  574
398  20 05 +06 30  26       805  575
399  20 29 +06 30  29       315  576
400  20 53 +06 30  29       836  577
401  21 17 +06 30  29       552  578
402  21 41 +06 30  28       860  579
403  22 05 +06 30  33       795  580
404  22 29 +06 30  36      1157  581
405  22 53 +06 30  34       821  582
406  23 17 +06 30 125       316  583
407  23 41 +06 30  75       796  584
408   0 05 +06 30  48      1465  525
409   0 29 +06 30  64       915  526
410   0 53 +06 30  33       877  527
411   1 17 +06 30  58      1201  528
412   1 41 +06 30  47        21  529
413   2 05 +06 30  69      1282  530
414   2 29 +06 30  46      1306  531
415   2 53 +06 30  61      1320  532
416   3 17 +06 30  13      1471  533
417   3 41 +06 30  10      1499  534
418   4 05 +06 30  18      1308  535
419   4 29 +06 00  25       887  536
420   4 53 +06 00  36       974  537
421   5 17 +06 00  49      1270  538
422   5 41 +06 00   3      1493  539
423  20 05 +12 30   5       325  515
424  20 29 +12 30  42       812  516
425  20 53 +12 30  43       558  517
426  21 17 +12 30  63       298  518
427  21 41 +12 30  41       799  519
428  22 05 +12 30  73      1137  520
429  22 29 +12 30  22       875  521
430  22 53 +12 30  66       800  522
431  23 17 +12 30  78       313  523
432  23 41 +12 30  40       318  524
433   0 05 +12 30  44         9  465
434   0 29 +12 30  32       823  466
435   0 53 +12 30  45      1274  467
436   1 17 +12 30  69       635  468
437   1 41 +12 30  53        14  469
438   2 05 +12 30  55       209  470
439   2 29 +12 30  27      1300  471
440   2 53 +12 30  42        15  472
441   3 17 +12 30  13        11  473
442   3 41 +12 30   5       940  474
443   4 05 +12 30   0       854  475
444   4 29 +12 00   0      1504  476
445   4 53 +12 00   2      1534  477
446   5 17 +12 00   1      1267  478
447  20 29 +18 30  18       276  456
448  20 53 +18 30  41       831  457
449  21 17 +18 30  27      1141  458
450  21 41 +18 30   7       375  459
451  22 05 +18 30  25       187  460
452  22 29 +18 30  45       842  461
453  22 53 +18 30  70      1161  462
454  23 17 +18 30  83       320  463
455  23 41 +18 30  67      1182  464
456   0 05 +18 30  61      1195  405
457   0 29 +18 30  26       903  406
458   0 53 +18 30  23       930  407
459   1 17 +18 30  79      1251  408
460   1 41 +18 30  52      1275  409
461   2 05 +18 30  73      1202  410
462   2 29 +18 30  49       443  411
463   2 53 +18 30  51       425  412
464   3 17 +18 30  15      1460  413
465   3 41 +18 30  12       444  414
466   4 05 +18 30  10       223  415
467   4 29 +18 00   4      1501  416
468   4 53 +18 00   2      1481  417
469   5 17 +18 00   6       639  418
470  20 52 +24 30   9      1103  397
471  21 18 +24 30  11       290  398
472  21 44 +24 30  17       286  399
473  22 10 +24 30  13       204  400
474  22 37 +24 30  33       817  401
475  23 03 +24 30  61      1175  402
476  23 29 +24 30 126       843  403
477  23 55 +24 30  64       779  404
478   0 05 +24 30  55       205  349
479   0 31 +24 30  72      1188  350
480   0 57 +24 30  48       857  351
481   1 23 +24 30  12      1229  352
482   1 49 +24 30  64       896  353
483   2 15 +24 30  74       858  354
484   2 42 +24 30  26       222  355
485   3 08 +24 30   9      1276  356
486   3 34 +24 30   1       441  357
487   4 00 +24 30  28        31  358
488   4 26 +24 00   3       228  359
489   4 52 +24 00   0      1461  360
490   5 18 +24 00   0       454  361
491  20 52 +30 30   2       757  341
492  21 18 +30 30   3       803  342
493  21 44 +30 30  16      1212  343
494  22 10 +30 30  25       383  344
495  22 37 +30 30  44      1174  345
496  23 03 +30 30  78      1184  346
497  23 29 +30 30  53       914  347
498  23 53 +30 30  82       606  348
499   0 05 +30 30 115      1257  293
500   0 31 +30 30  95      1244  294
501   0 57 +30 30 132       601  295
502   1 23 +30 30 124        30  296
503   1 49 +30 30  85       413  297
504   2 15 +30 30 104      1248  298
505   2 42 +30 30  57      1301  299
506   3 08 +30 30   8       847  300
507   3 34 +30 30   1      1457  301
508   4 00 +30 30   8      1468  302
509   4 26 +30 00   0      1454  303
510   4 52 +30 00   0      1314  304
511   5 18 +30 00   0      1455  305
512  21 32 +36 30   9       269  287
513  22 00 +36 30  26       815  288
514  22 28 +36 30 104       778  289
515  22 56 +36 30  28       838  290
516  23 25 +36 30   6       873  291
517  23 53 +36 30  21       405  292
518   0 05 +36 30  26      1247  241
519   0 33 +36 30  24       398  242
520   1 01 +36 30  36       406  243
521   1 29 +36 30  81      1189  244
522   1 58 +36 30 143      1225  245
523   2 26 +36 30  96       407  246
524   2 54 +36 30  65      1307  247
525   3 22 +36 30  47      1333  248
526   3 50 +36 30  17      1302  249
527   4 18 +36 00   0      1458  250
528   4 46 +36 00   0      1469  251
529  21 34 +42 30   4       806  236
530  22 04 +42 30  23       580  237
531  22 34 +42 30  17       537  238
532  23 04 +42 30  18       876  239
533  23 35 +42 30  19       554  240
534   0 05 +42 30  13      1243  193
535   0 35 +42 30  26       851  194
536   1 05 +42 30  32       627  195
537   1 36 +42 30  27       824  196
538   2 06 +42 30  67       931  197
539   2 36 +42 30 131       449  198
540   3 06 +42 30 123      1618  199
541   3 36 +42 30  26       643  200
542   4 07 +42 00   1       651  201
543   4 37 +42 00   0       644  202
544  21 36 +48 30   4       589  188
545  22 10 +48 30   5       599  189
546  22 44 +48 30   4       590  190
547  23 18 +48 30   4      1162  191
548  23 53 +48 30  32       368  192
549   0 05 +48 30  40       839  150
550   0 39 +48 30  23      1224  151
551   1 14 +48 30  23       863  152
552   1 48 +48 30  25       861  153
553   2 22 +48 30  18       907  154
554   2 57 +48 30  25       845  155
555   3 31 +48 30   6      1249  156
556   0 05 +54 30   1       636  112
557   0 43 +54 30   3      1237  113
558   1 22 +54 30   2       945  114
559   2 00 +54 30   7      1245  115
