  1  225.0  -00.6  07 08.  -11 57  150 150  m  NGC2327; HS111,113,114;G2,3     *
  2  223.8  -01.9  07 02.  -10 27   14  14  b  IC2177;HS109;G1                 R
  3  224.2  +01.2  07 14.  -09 18    4   4  b  HS115
  4  224.4  +03.2  07 21.5 -08 30   60  60  f
  5  227.8  -00.2  07 16.1 -13 09    8   8  b  NGC2359; HS116; G4              R
  6  231.6  -04.3  07 08.0 -18 24   12  10  b  G5                              R
  7  232.6  +00.9  07 29.5 -16 51   17  15  m  (NGC2409?); G6                  R
  8  233.9  -00.1  07 28.3 -18 27    3   2  b
  9  234.4  -12.2  06 43.  -24 20   90  30  f                                  R
 10  234.4  -00.2  07 29.0 -18 54   18  14  f
 11  234.6  -10.0  06 52.  -23 35   60  20  f                                  R
 12  234.7  +00.9  07 33.7 -18 42    6   3  b  G7
 13  234.8  -00.1  07 30.1 -19 18   12  10  m                                  R
 14  235.6  -04.1  07 17.0 -21 50    6   4  m  (NGC2367)                       R
 15  237.5  -07.3  07 08.  -25 00  300 300  f                                  R
 16  243.3  +00.6  07 51.2 -26 15   33  33  b  (NGC2467); G9                   R
 17  243.5  -01.0  07 45.4 -27 13    2   2  b
 18  250.3  -02.2  07 57.2 -33 42    1   1  b
 19  253.8  -00.5  08 13.5 -35 42   48  40  b  G10                             R
 20  254.5  +00.0  08 17.5 -36 00   10  10  m  NGC2579; G11                    R
 21  257.6  +00.6  08 28.8 -38 10    1   1  b
 22  258.1  +12.1  09 13.5 -31 10   45  45  m                                  R
 23  258.5  +01.4  08 35.0 -38 21    2   1  b
 24  258.7  -01.4  08 23.6 -40 12    3   2  f
 25  259.2  +01.3  08 36.9 -39 02    2   1  b
 26  259.7  +02.9  08 44.6 -38 27    3   3  m
 27  260.1  +00.5  08 36.5 -40 12  100 100  m  G14                             R
 28  260.1  -03.4  08 19.6 -42 33    2   1  b
 29  260.2  -03.3  08 20.0 -42 32    2   2  b  G13
 30  260.2  -03.1  08 21.1 -42 29    2   2  b  G13                             R
 31  260.7  -03.2  08 22.3 -42 55    3   2  b                                  R
 32  261.6  +00.9  08 43.0 -41 09   27  27  m  G15                             R
 33  263.0  +01.4  08 49.5 -41 54   95  80  m  G17                             R
 34  264.4  +01.4  08 54.4 -42 56    2   2  b  G19
 35  264.6  +00.1  08 49.7 -43 55   30  30  m  G18
 36  265.2  +01.4  08 57.5 -43 33   12   6  m  G20                             R
 37  267.0  +00.1  08 58.5 -45 45   13   3  f  Part of NGC2736                 R
 38  268.0  -01.0  08 57.5 -47 16   40  40  m  G22,23,24                       R
 39  269.2  -01.1  09 01.9 -48 12    2   2  b
 40  269.3  -01.4  09 01.0 -48 27    8   8  b  G25                             R
 41  270.3  +00.8  09 14.8 -47 45    8   4  m
 42  274.1  -01.3  09 22.4 -51 54    9   7  b  G26                             R
 43  277.2  -03.8  09 25.5 -55 54    2   2  b  NGC2899; G27                    R
 44  277.8  -03.6  09 29.6 -56 05    2   2  f
 45  282.2  -00.1  10 10.0 -56 09   16  16  f
 46  282.4  -01.3  10 06.0 -57 15   15  15  f
 47  283.0  -02.7  10 03.5 -58 42   25  20  m
 48  283.5  -01.0  10 14.0 -57 36   15  10  b  NGC3199; G28                    R
 49  284.3  -00.3  10 22.  -57 27   90  35  b  (NGC3247); G29                  R
 50  284.3  +00.4  10 24.5 -56 54   12  12  m                                  R
 51  286.0  +00.5  10 36.1 -57 42   12  12  b                                  R
 52  287.2  +00.4  10 43.5 -58 18   15  15  b  BBW22500; G32                   R
 53  287.4  -00.9  10 40.  -59 30  210 210  vb NGC3293,3324,IC2599;BBW22500;   *
 54  289.4  -00.6  10 58.  -60 06  210  60  m  (NGC3503)?(NGC3572)?G34,5,6,7   *
 55  290.4  -03.0  10 54.2 -62 45    8   8  m                                  R
 56  291.1  -02.1  11 03.3 -62 12    2   1  m
 57  291.6  -00.5  11 12.5 -60 56  170  40  m  NGC3603; G38,a,b                R
 58  292.4  -04.9  11 04.3 -65 18    7   7  m
 59  293.0  +04.5  11 35.  -56 40  180 150  m                                  R
 60  293.7  -01.4  11 26.5 -62 30   50  50  b  IC2872; BBW2620; G39,40         R
 61  294.2  -02.3  11 28.3 -63 30   15  15  b  G41                             R
 62  294.8  -01.5  11 35.  -62 54   80  80  b  IC2944,8; BBW26201;G42          R
 63  297.6  +10.3  12 17.  -52 00  250  40  f                                  *
 64  299.4  -00.3  12 16.7 -62 41    3   2  b
 65  301.0  +01.2  12 31.5 -61 18   11   6  m  G43                             R
 66  301.1  +00.9  12 32.6 -61 39    2   1  m  G44
 67  301.2  +00.8  12 33.0 -61 45    4   4  m
 68  301.7  +01.0  12 37.3 -61 36   15  15  f
 69  302.2  +00.3  12 41.5 -62 18    5   3  m  G45
 70  302.7  -01.0  12 45.6 -63 34    1   1  b
 71  302.9  +01.3  12 47.3 -61 18    4   3  b  G46
 72  303.2  +01.6  12 50.3 -61 00    2   2  f
 73  303.4  +01.4  12 52.0 -61 12    2   2  m
 74  305.2  +00.0  13 07.8 -62 33   15  12  f                                  R
 75  306.3  +00.2  13 16.5 -62 15   18  13  m  BBW27300; G48a                  R
 76  307.2  -03.5  13 29.8 -65 45    3   2  b  NGC5189; G47                    R
 77  307.6  -05.0  13 35.4 -67 10    1   1  b
 78  307.9  +00.2  13 30.5 -62 00   45  30  f  BBW27500; G48b                  R
 79  308.7  +00.6  13 36.5 -61 30    9   5  m  BBW27600; G48c
 80  309.3  -00.5  13 43.5 -62 24   21  10  m  BBW27700; G48d
 81  310.6  +00.6  13 51.9 -61 06    1   1  m
 82  311.0  +00.4  13 55.7 -61 12    5   4  b                                  R
 83  311.9  -00.5  14 05.0 -61 50   60  50  f  BBW27901
 84  312.6  -02.7  14 16.4 -63 40    1   1  m
 85  313.5  -00.4  14 17.0 -61 10   25  20  f  BBW28100                        R
 86  315.0  -02.3  14 35.5 -62 27    3   3  m                                  R
 87  320.2  +00.8  15 01.0 -57 19    2   2  b
 88  320.2  +00.5  15 02.7 -57 36    3   2  b
 89  320.4  -01.0  15 09.5 -58 46    4   4  f
 90  321.0  +02.2  15 01.5 -55 46    1   1  m                                  *
 91  321.2  -00.5  15 12.5 -58 01   11  10  f  BBW28801                        R
 92  322.2  +00.6  15 14.5 -56 30    8   5  f  BBW28900
 93  322.6  -02.5  15 29.7 -58 54    2   2  m                                  R
 94  326.2  +00.9  15 37.0 -54 00   20  20  f  BBW29400a                       R
 95  326.7  +00.8  15 39.7 -53 47    3   2  b  BBW29400c
 96  326.9  -01.0  15 48.9 -55 06    2   2  f                                  R
 97  327.1  -00.5  15 47.7 -54 36    6   5  m  BBW29401
 98  327.6  -00.8  15 51.5 -54 30    6   5  b  BBW29501; G49                   R
 99  328.7  -00.5  15 58.8 -53 35    4   2  b  G50
100  329.1  +02.0  15 47.7 -51 22    1   1  m                                  R
101  331.7  -01.0  16 12.6 -51 54    2   2  b                                  R
102  331.9  -01.0  16 14.0 -51 48   12   8  b  BBW29902
103  332.4  -00.4  16 13.3 -51 00    5   3  b
104  332.9  -01.4  16 20.2 -51 24   20  20  m
105  332.9  +01.8  16 06.3 -49 00   45  35  b  BBW30000; G51
106  332.9  -00.6  16 17.0 -50 48   35  20  m                                  R
107  336.4  -00.2  16 29.8 -48 03    8   4  b  NGC6164,5; G52                  R
108  336.5  -01.3  16 35.0 -48 40  210 120  f  (NGC6193); BBW30402; G53        R
109  339.7  -00.3  16 43.0 -45 39    2   2  b                                  R
110  340.9  -00.8  16 50.0 -45 00    7   3  b  G54                             R
111  341.1  -01.0  16 51.5 -45 00    5   3  b  G54                             R
112  341.7  +05.6  16 27.0 -40 12    2   2  b
113  342.7  +01.8  16 45.  -42 00  360 300  m  (NGC6231); BBW31100; G55        R
114  343.9  -04.7  17 18.  -45 00  330 330  f                                  R
115  344.4  +07.3  16 29.6 -37 06    4   2  m
117  345.5  -01.0  17 06.2 -41 33    2   2  b
118  347.3  -00.5  17 10.0 -39 48    2   2  m
119  347.7  +01.9  17 01.3 -38 00  180 145  m  (NGC6281); BBW31500; G57,a,b; E1R
120  348.3  +00.5  17 09.0 -38 24    6   6  b  G58; E2                         R
121  348.4  -01.1  17 15.5 -39 15    3   2  m  E5
122  348.9  -01.1  17 17.1 -38 54    2   2  m
123  349.5  -00.8  17 17.8 -38 09   75  75  f  NGC6337; G59; E6                R
124  349.6  +01.1  17 10.4 -37 00    3   2  m  NGC6302; E3; G60
125  350.0  +00.2  17 15.0 -37 09    8   8  f
126  350.6  +01.0  17 13.5 -36 18   16   4  m  BBW31800a
127  351.4  +00.7  17 17.0 -35 48   50  25  b  NGC6334; BBW31800b; E7; HS119   *
128  351.4  -00.1  17 20.4 -36 15   10  10  f
129  351.9  +12.7  16 34.0 -28 00  180 180  m                                  R
130  352.4  +02.1  17 14.2 -34 06   30  30  m  E4                              R
131  353.2  +00.7  17 22.  -34 18  170  55  b  (NGC6357); BBW32100; HS120; G66 *
132  355.4  +00.2  17 30.  -32 42  110  80  m  (NGC6383); BBW32301; HS121; G67 *
133  355.9  +01.5  17 26.0 -31 36   45  40  m  BBW32300; E10; G68              R
134  358.5  -01.9  17 46.1 -31 14   60  50  m  BBW32603; E17; G69              R
135  359.0  -00.7  17 42.4 -30 12    2   2  m
136  359.0  -03.6  17 54.4 -31 40    1   1  m                                  R
137  359.8  -00.2  17 42.6 -29 18   18  18  b  BBW32801; E13                   R
138  000.1  +00.2  17 41.7 -28 49    8   4  m  E12                             R
139  000.1  -00.3  17 43.8 -29 02    2   2  m  E14
140  000.2  -00.4  17 44.2 -29 02   12  12  f  BBW32701; E16                   R
141  000.4  -00.2  17 44.0 -28 46    6   4  f  E15
142  000.6  -00.7  17 46.5 -28 50    2   2  b  E18
143  003.5  +02.1  17 42.5 -24 54    7   6  m  Near NGC6432
144  004.4  +00.5  17 50.7 -25 00   85  65  f  BBW33201; HS123; E19; G71       R
145  006.6  +00.1  17 57.  -23 15   90  35  f  HS 124; E20; G74a,b
146  006.6  -01.5  18 03.  -24 00  120  90  b  NGC6523(M8), 6559; BBW33402     *
147  007.2  -00.2  17 59.5 -22 54   16  16  b  NGC6514(M20); HS125; E22; G76   R
148  008.2  +00.6  17 58.5 -21 35    2   2  b
149  008.7  -00.6  18 04.0 -21 45  120  30  m  HS129; E24; G77a
150  009.3  +00.3  18 02.1 -20 48    2   2  b                                  R
151  011.0  -01.8  18 13.5 -20 25  100  35  f  NGC6526; HS134; E32,33; G77b    R
152  012.3  +04.3  17 53.3 -16 19    2   2  m                                  R
153  012.2  -01.8  18 16.0 -19 20   60  20  f  (IC1283,4); BBW33903; HS140;    *
154  012.7  +02.0  18 03.0 -17 00   40  30  f
155  012.9  +00.3  18 09.3 -17 41   10  10  m  HS133; E31                      R
156  013.7  -00.8  18 15.0 -17 30   50  50  f  HS136; E34                      R
157  014.3  +00.1  18 13.2 -16 36   60  60  b  (IC4701); BBW34101; HS137; G79  *
158  015.2  +03.3  18 03.5 -14 12   23  23  m  BBW34201; HS128; E25; G80
159  015.3  -01.8  18 22.0 -16 36   15  15  m                                  R
160  015.4  -00.8  18 18.5 -16 00   70  60  b  NGC6618; (IC4706,7); BBW34202   *
161  016.1  -00.3  18 18.0 -15 09   80  40  m  HS143
162  016.7  -00.5  18 20.0 -14 40   22  10  b  BBW34401; HS146; E44; G82       R
163  016.9  -02.3  18 27.1 -15 24   10   9  m
164  016.9  -01.2  18 23.0 -14 51    8   6  b  HS148; E46
165  017.0  +00.8  18 16.  -13 54   90  66  b  NGC6611; BBW34400; HS142; G83   *
166  018.4  -00.3  18 22.6 -13 09   15  15  f  HS147; E45                      R
167  019.0  +01.3  18 18.  -11 54  180  90  m  (NGC6604); BBW34600; E41; G84,5
168  021.3  +02.5  18 18.0 -09 16    1   1  b
169  022.0  +00.1  18 28.2 -09 48    7   7  m  HS150; E48                      R
170  022.6  +00.3  18 28.5 -09 09    7   5  f
171  023.2  +00.6  18 28.6 -08 27    5   5  m  HS151; E49
172  024.6  -00.1  18 33.8 -07 32    7   7  f  HS155?; E53
173  025.4  +00.2  18 34.0 -06 41   17  17  m  BBW35201; HS154; E52
174  028.8  +03.4  18 29.2 -02 13    5   4  f  HS152
175  029.1  -00.7  18 44.2 -03 48    7   5  m  HS159; E57                      R
176  030.5  +00.4  18 42.7 -02 04    8   8  m  HS158; E56
177  031.9  +01.4  18 41.8 -00 24   12  12  m  HS156; E55
178  036.3  -01.2  18 59.2 +02 19    2   2  m
179  036.4  -01.7  19 01.2 +02 09   20  15  f
180  038.4  +03.5  18 46.3 +06 19    1   1  b                                  R
181  038.8  +02.0  18 52.3 +06 00    5   5  f
182  040.0  -01.3  19 06.3 +05 32    3   3  m  E61
