M110
M31
M32
404
679
752
891
7662
7686
2997
6101
6709
6755
B133
6756
6781
6804
B142
B143
6814
M72
M73
7009
M2
7293
7606
7723
7727
6188
6193
6352
6397
772
821
1664
1778
I405
1857
I410
1893
Sto8
1907
I417
M38
1931
M36
M37
2126
2281
5248
5466
5533
5557
5660
5676
5689
I342
1501
1502
1708
1961
2366
2403
2655
M30
2516
2867
I2602
3372
3532
129
136
147
185
225
278
281
I59
I63
381
436
457
559
M103
637
654
659
663
Sto2
1027
I289
Sto23
7635
M52
7789
7790
3766
I2944
4945
5128
5139
5253
5286
40
188
6939
6946
6951
7023
I1396
7129
7142
7160
7380
Sh155
7510
157
246
247
I1613
584
596
615
720
779
908
936
1022
1032
1052
1055
M77
1073
1087
3195
5823
2204
I2171
2283
M41
2293
2318
2354
2360
2359
2362
2374
2394
M44
2672
2673
M67
2775
1851
4147
4150
M98
4203
4245
4251
M99
4274
4278
4293
Mel111
4314
M100
4350
M85
4394
4414
4419
4448
4450
4459
4473
4474
4477
4479
4494
M88
M91
4559
4565
4571
4634
4659
4689
4710
4725
M64
4889
M53
5053
6541
6726
6727
6729
3511
3513
3672
3887
3962
4609
CoalSa
4755
4027
4038
4039
4361
4756
4782
4111
4143
4151
4214
4217
4220
4244
M106
4346
4395
4449
4460
4485
4490
4583
4618
4627
4631
4656
4657
M94
4800
5005
5033
M63
M51
5195
5198
5273
M3
5290
5297
5377
5383
BD30
6819
6826
6834
6866
6871
6888
I4996
I1318
6910
M29
6960
I5067
6979
6992
6996
6995
7000
7008
7026
7027
7044
7062
7082
7086
M39
7128
B168
I5146
6891
6905
6928
6934
6956
7006
2070
3147
3735
4128
4133
4236
5678
M102
5879
5907
5981
5982
5985
6015
6412
6394
6503
6543
6643
1232
1300
1309
1332
1355
1395
1407
1535
1637
698
1097
1201
1316
1317
1360
1365
1398
2129
I2157
2158
M35
I443
Col89
I444
2234
2266
2304
2331
2355
2371
2372
2395
2392
2410
2420
M13
I4617
6207
6210
6229
M92
1261
M48
2610
2642
2713
2763
2781
2811
2848
2851
2855
2889
2962
2992
2993
3109
3145
3200
3242
3390
3585
3621
3673
3717
3885
3904
3923
3936
I2995
4105
4106
I764
M68
5061
5085
5101
5150
M83
5694
7209
I1434
7243
I5217
7296
7394
2903
2905
2964
I591
3185
3187
3190
3193
3226
3227
3301
M95
M96
3377
M105
3384
3395
3412
3489
3521
3593
3599
3607
3608
M65
3626
M66
3628
3640
3646
3686
3810
3900
3912
1832
M79
1964
5897
2859
3003
3021
3486
3245
3254
3277
3294
3344
3395
3396
3504
5824
5986
2419
2474
2469
2683
2782
2830
6700
6713
M57
Ste1
M56
6791
2170
2182
2183
2215
2232
2236
2237
2244
2245
2251
2252
2254
2260
2259
2261
2264
Str953
2286
2301
2311
2316
M50
I2177
2335
2343
2353
2506
4372
4833
6067
M107
M12
6235
M10
M62
M19
6284
6287
6293
6316
M9
6342
6356
6355
B72
6369
6384
B78
M14
6401
6426
6304
I4665
6517
6572
6633
1788
1819
1924
1973
1975
1980
M42
1977
M43
1999
I434
2023
2024
2022
2064
2067
M78
2071
BLoop
2169
2174
2175
2185
2186
2194
6744
6752
7814
16
23
M15
7217
7331
7333
7336
7335
7337
7340
7448
7479
7772
M76
869
884
957
1023
M34
1058
1130
1245
1275
Mel20
1342
1444
1499
1491
1513
1528
1545
1579
1582
1624
128
488
520
524
M74
2324
2396
2413
2421
M47
2423
2430
2438
M46
2440
M93
2477
2467
2482
2479
2489
2509
2527
2539
2567
2571
2613
2627
55
253
288
300
613
M80
M4
6124
6144
6231
6242
6281
6302
6334
M6
M7
6496
6664
M26
M11
6712
M5
5921
5962
6027
6118
6535
6539
M16
I4756
2974
3110
3115
3156
3166
3169
M71
I4997
6440
6445
6451
B92
M23
M20
B86
6520
6522
M8
M21
6528
6540
6544
6553
6561
6568
6569
6583
6589
M24
6590
6603
M18
M17
6624
M28
6629
6638
M69
M25
6642
6645
M22
M70
M54
M55
6818
6822
M75
1432
1435
M45
1514
1555
Mel25
1647
1750
1758
1817
M1
6025
M33
604
949
104
362
2681
2685
2742
2768
2787
2841
2880
2950
2976
2985
M81
M82
3079
3077
3184
3198
3206
I2574
3310
3348
3445
3458
3549
M108
M97
3610
3613
3619
3631
3642
3655
3665
3675
3683
3690
I694
3718
3726
3729
3780
3804
3813
3846
3850
3877
3888
3893
3894
3898
3913
3916
3921
3938
3941
3945
3949
3953
3958
3963
3972
3977
3982
4026
3990
M109
3998
4036
4041
4051
4062
4085
4088
4096
4102
4144
4157
M40
4605
4814
5308
5322
5389
M101
Str1830
Str1831
5473
5474
5485
5585
5631
3172
6217
I2391
3132
3201
4030
4124
4179
4206
4216
4260
4261
4270
4273
4281
M61
4365
4371
M84
4387
4388
4402
M86
4413
4425
4429
4435
4438
4440
4442
4452
4458
4461
3C273
M49
4476
4478
M87
4503
4517
4526
4527
4528
4535
4536
4546
4550
4551
M89
4564
4567
4568
M90
4570
M58
4596
M104
4606
M59
4636
4638
4639
4643
4647
M60
4654
4660
4665
4666
4694
4698
4697
4699
4754
4753
4762
4781
4845
4856
4866
4900
4958
4995
5054
5247
5363
5364
5566
5576
5634
5713
5746
5813
5846
Col399
6800
6802
6823
6830
M27
6882
6885
6940