 959   0 40 33.9   39 32 49   15.1  s2e:  48   galaxy + star
 351   0 55 13.5   28  7 14   16.   s3e:  48   galaxy + star
 574   1 42  2.3   11 27 30   16.5  sd1e: 45   star
 362   1 45  7.7   23 24 47   14.5  s1e:  28   star
 578   1 49  3.7    7  3 22   16.   s2    45   star
 371   2 45 13.8  - 1  7 47   16.   s1    28   star
 377   7 10 53.2   74  6  0   16.   s1e:  28   star
  80   7 39 36.0   64 54  1   17.   d3e:  45   galaxy + star
 381   7 49 34.3   58 22 50   17.5  s1    28   star
1213   8 11 35.3  - 0 13  5   15.3  s2e   47   galaxy + star
 388   8 25 37.5   25 30  0   16.   s1e   28   star, Ton 323, AT Cnc
1217   8 27 55.8  - 4 14 18   17.   s1e:  47   galaxy + star
 392   8 56 10.6   33  8 47   15.   s1    28   star = G 047-018, WD
 393   9  5 47.4   60 31 37   17.   s1    28   star
 107   9 16 59.6   71 45 22   14.7  d3e:       = Mrk 20
 396   9 21 11.7   35 29 43   15.5  s1e:  28   star
 112   9 24 35.6   48 17 50   16.5  d3    48   galaxy + star
 113   9 25 22.1   62 54  7   14.5  s2    43   star
1265  10 46 58.0   23  6 12   17.   d1e:  52   galaxy + star
1278  11  1 56.7   39  4 19   17.   s1e:  45   star
1290  11 17 22.9  - 5 34 35   15.5  sd3   99   galaxy + star
 425  11 31  7.8   64 26 57   16.   s1    45   star
 643  11 53 45.0   17 41 39   16.   sd3   52   stars, star + star
 436  12 11 39.9   37  1 36   16.   s2e   45   star
 437  12 13 15.9   41  8 47   16.   s1e:  45   star
1318  12 16 36.5    4  7 58   14.5  ds1e       = Mrk 49
 227  12 45 57.8   51 15 20   16.   s3e:  52   star
 228  12 46 26.2   42  9 29   16.5  s2    45   star
 448  12 59  8.8   30 19 40   17.   s1e:  45   star
 252  13 18 14.4   55 39 40   17.   s2    45   star
 791  13 30 12.3   10 45 49   17.   s3    52   galaxy + star
 457  13 30 48.9   39 16 50   16.   sd3   52   star
 458  13 32 14.5   40 21 36   16.   s2e   45   star
 460  13 42  3.3   40 15 10   16.   s1e:  45   star
 488  13 59 25.1   52  6 51   15.4  sd2e: 52   galaxy + star
 677  14 17 30.1   36 22 23   17.   sd2e: 28   star
1491  14 37  6.4    3 43 59   16.5  d2e:  52   galaxy + star
 690  15 44 31.4   18 52 38   16.5  sd1e: 28   star
 495  16  2  3.7   26 12 44   15.5  s2e:  45   star
 502  16 53 21.4   64  9 45   15.5  s3    52   galaxy + star
 890  16 55  7.4   63 19 11   15.1  ds2        = Mrk 503
 505  17 19 47.5   39 45  0   15.5  sd2   48   galaxy + star
 511  21  7 42.1  - 1 48 45   15.   s2    45   star
 514  21 17 56.7  + 2 33 46   14.8  s2         G+ star
 914  22 32 28.3   40 24 32   13.5  sd3e: 48   star = L H  233
 525  23  1 39.3    1 28 32   17. * s3    52   star
 320  23 17 36.0   26 49 57   16.5* s1    28   star
 327  23 34 35.1   23 02 34   15.7  s2e   52   galaxy + star
