 *Q 2357-005A           0  0 12.7 - 0 14 34      *2.83   Q    18.0                 2359      2359    G  2052  23 57 38.9 - 0 31 16
 *Q 2357+009            0  0 26.5   1 14  0      *3.05   Q    17.0                 2357      2358    *  2052  23 57 52.7   0 57 18
 *Q 2358-011            0  0 35.3 - 0 51 22      *3.22   Q    17.5                 2359      2359    *  2052  23 58  1.5 - 1  8  4
 *Q 2358+029A           0  1  1.4   3 14 11      *3.13   Q    17.5                 2357      2358    *  2052  23 58 27.6   2 57 29
 *Q 2358+004            0  1 12.9   0 44 43      *2.94   Q    17.0                 2357      2358    *  2052  23 58 39.1   0 28  1
 *Q 2359+026            0  2  9.7   2 54 24      *3.14   Q    17.0                 2357      2358    *  2052  23 59 35.9   2 37 42
 *Q 0002+022            0  4 47.8   2 29 16      *3.17   Q    18.0                 2355      2355    *  2052   0  2 14.0   2 12 34
 *Q 0002+030A           0  5 11.8   3 19 36      *3.15   Q    18.5                 2355      2355    *  2052   0  2 38.0   3  2 54
 *Q 0003+011B           0  5 56.8   1 25 32      *3.17   Q    18.0                 2355      2355    *  2052   0  3 23.0   1  8 50
 *Q 0003+012B           0  6 32.8   1 29 17      *3.12   Q    18.0                 2355      2355    *  2052   0  3 59.0   1 12 35
 *Q 0004-004            0  6 41.0 - 0  8 45      *3.12   Q    17.5                 2356      2356    *  2052   0  4  7.2 - 0 25 27
 *Q 0004+014            0  6 53.2   1 45 56      *3.17   Q    18.5                 2355      2355    *  2052   0  4 19.4   1 29 14
 *Q 0005+003            0  8  7.9   0 39 54      *3.00   Q    17.5                 2355      2355    G  2052   0  5 34.1   0 23 12
 *Q 0008+010            0 10 42.9   1 18 41      *3.12   Q    19.0                 2355      2355    *  2052   0  8  9.1   1  2  0
 *Q 0009+027B           0 11 42.4   3  0 28      *3.17   Q    16.0                 2355      2355    *  2052   0  9  8.5   2 43 47
 *Q 0009-003            0 12  2.0 - 0  5  8      *3.02   Q    18.0                 2356      2356    *  2052   0  9 28.2 - 0 21 49
 *Q 0011-012A           0 13 37.4 - 0 58  9 O    *2.23   Q    17.0                 2356      2356    *  2052   0 11  3.7 - 1 14 50
 *Q 0011-002A           0 13 59.0   0  3 20      *3.10   Q    17.5                 2356      2356    G  2052   0 11 25.2 - 0 13 21
 *Q 0011+016            0 14 13.5   1 57 42      *3.22   Q    17.5                 2355      2355    *  2052   0 11 39.6   1 41  2
 *Q 0012+011            0 15  8.5   1 24 27      *1.67   Q    18.0                 2355      2355    *  2052   0 12 34.6   1  7 47
 *Q 0036-3954           0 39  3.3 -39 37 31 O    *0.45   Q   *17.32  -0.02  -1.70   484       583    *   484   0 36 38.7 -39 54  0
 *Q 0036-2939           0 39 27.4 -29 23 20 O    *2.16   Q   *19.54                           970    *   489   0 36 59.9 -29 39 48
 *Q 0037-3103           0 39 39.0 -30 47  1 O    *2.96   Q   *19.90                           970    *   487   0 37 11.9 -31  3 29
 *Q 0047-3150           0 50 21.9 -31 34 26 O    *2.02   Q   *19.05                           970    *   489   0 47 56.9 -31 50 45
 *Q 0048-2952           0 50 33.2 -29 36 14 O     1.244  Q   *20.19         -0.83            1153    *   487   0 48  7.6 -29 52 33
 *Q 0048-2939           0 50 38.0 -29 22 45 O    *2.20   Q   *18.77                           970    *   487   0 48 12.3 -29 39  4
 *CT 193                0 54 43.3 -28 31 19 O     0.639  Q   *19.5          -0.99   339  256  256    *   487   0 52 18.0 -28 47 34
 *Q 0053-3101           0 55 24.9 -30 45  9 O    *2.20   Q   *17.96                           970    *   489   0 53  0.5 -31  1 23
 *SGP4:10               0 57 54.2 -27 27  0 O     0.907  Q   *20.6          -1.02        256  256    *   487   0 55 29.0 -27 43 12
 *Q 0055-3004           0 58 22.6 -29 48 18 O    *2.10   Q   *18.98                           970    *   489   0 55 58.3 -30  4 29
 *Q 0056-2847           0 58 46.3 -28 31 35 O     0.800  Q   *20.49         -1.07            1153    *   487   0 56 21.6 -28 47 46
 *SGP1:22               0 59 16.3 -28 45 38 O     1.281  Q   *20.8          -0.81        256  256    *   487   0 56 51.8 -29  1 48
 *CS 142                1  0 15.9 -28  4 52 O    *2.30   Q    19.8                  389       389    *   487   0 57 51.3 -28 21  1
 *Q 0058-4134           1  0 40.6 -41 18 29 O    *1.29   Q   *17.40   0.13  -0.55   484       583    *   484   0 58 22.0 -41 34 38
 *QSO 0111-2838         1 13 29.1 -28 22 22 O     4.042  Q    19.75                1866      1866    G  1867   1 11  6.6 -28 38 15
 *Q 0117-378            1 19 56.8 -37 37 28      *2.25   Q    20.0                 1757      1757    ?   998   1 17 40.5 -37 53 12
 *UM 100                1 22 56.2   2 57 32 O     3.272  Q    18.                  1232       622    G  2343   1 20 21.3   2 41 53
 *Q 0121-3758           1 23 25.9 -37 42 24 O    *2.21   Q   O19.7                            583    *   998   1 21 10.4 -37 58  2
 *Q 0123-3713           1 25 27.1 -36 58  6 O    *2.13   Q   O19.7                            583    *   998   1 23 11.5 -37 13 41
 *Q 0133-4218           1 35 15.9 -42  3 28      *2.68   Q   *19.84                           970    *   564   1 33  6.3 -42 18 47
 *Q 0133-4217           1 35 22.8 -42  2 21      *2.58   Q   *20.25                           970    *   564   1 33 13.2 -42 17 40
 *UM 348                1 38 12.2   1  3 52              BL   17.                  1229      1699    *  2116   1 35 38.0   0 48 38
 *RXS J01538+0152       1 53 49.9   1 52 44 O     0.127  Q   O15.1                           1811    *  2130   1 51 15.2   1 38  0
  PKS 0254-671          2 55 13.5 -66 57  1 O    *2.23   Q    18.5                 1749      1749    *  2128   2 54 28.8 -67  9  6
 *QSF3:22               3 40 59.9 -44 14 20 O     0.719  Q    20.6                            256    *  1821   3 39 19.6 -44 23 54
 *QNB1:46              10 42 29.5   1 32 22 O     0.716  Q   *21.1          -0.96        256  256    *   489  10 39 55.1   1 48  5
  MC 1210+121          12 12 33.0  11 51 11 O            BL   18.0                  123      2375    *  2268  12  9 59.9  12  7 52
 *UM 493               12 22  6.5 - 1  6 38 O            BL   17.                  1230      2019    *   347  12 19 32.6 - 0 50  0
 *Q 1250-0700          12 53 21.8 - 7 16 54 O     0.097  Q    16.43                           741    *  2296  12 50 46.1 - 7  0 38
 *UM 531               12 58 17.3   0  7 11 O    *2.08   Q   O18.5                 1230      1230    *   489  12 55 43.6   0 23 22
  PKS 1301-192         13  4 34.8 -19 32 44 O            BL   18.                  1565      1001    *  2128  13  1 54.6 -19 16 40
 *BG 57 11             13  7  9.5  29  6  7      *3.05   Q    20.1                            716    *   599  13  4 46.3  29 22  8
 *BG 57 15             13  7 32.5  29 15 46      *2.86   Q    20.8                            716    *   599  13  5  9.5  29 31 46
 *BG 57 17             13  7 42.5  29 22  5 O    *3.32   Q   *19.16   1.63   1.03       1111  716             13  5 19.5  29 38  5
 *BG 57 20             13  7 59.3  29 28 47 O    *2.25   Q   *18.54   1.40   0.82       1111  716    G   247  13  5 36.4  29 44 47
 *BG 57 21             13  8  3.5  29 30 20 O    *3.24   Q   *18.78   1.33   0.79       1111  716             13  5 40.7  29 46 20
 *BG 57 26             13  8 13.1  29 20 42 O    *2.90   Q   *18.40   0.99   0.50       1111  716             13  5 50.2  29 36 41
 *CSO  823             13  8 13.5  29 32 56 O    *2.95   Q   *17.83   0.81  -0.63       1111  716    *   599  13  5 50.7  29 48 55
 *BG 57 42             13  9 12.7  29 31  1      *2.82   Q    17.6                            716             13  6 50.1  29 46 59
 *BG 57 43             13  9 12.8  29 20 20      *0.72   Q    19.5                            716             13  6 50.1  29 36 18
 *BG 57 45             13  9 27.1  29  5 37      *2.42   Q    21.5                            716             13  7  4.3  29 21 35
 *AH 23                13  9 40.1  29 13 36 O    *1.79   Q   *19.62         -1.27  1110 1110  716    *  1109  13  7 17.4  29 29 33
 *CSO  832             13 10  1.4  29 23  7      *2.95   Q    16.6                            716       1729  13  7 38.8  29 39  4
 *UM 566               13 19 55.1   1 52 58 O            ?    18.                  1230      2019    *   489  13 17 22.1   2  8 42
 *UM 571               13 23 59.8   2 11  8 O    *1.33   Q    18.1                 1230      1230    *   890  13 21 27.0   2 26 45
 *2E 1326+1200         13 28 35.7  11 45 18 A            BL   19.                            1306             13 26  7.2  12  0 48
 *NPM1G-04.0478        14  7 30.8 - 5 10 10 O     0.380  Q    15.79                           741    G  1367  14  4 53.9 - 4 55 56
  MC 1620+103          16 22 33.9  10 13  8              BL   18.4                  123      2375    *   347  16 20 11.1  10 20  6
 *Q 2119-4509          21 23  9.2 -44 56 38 O     3.79   Q   R19.20                           848    *        21 19 52.7 -45  9 30
 *2127.1-1577          21 29 49.4 -15 33 14       3.2    Q    16.5                            463    *  2128  21 27  4.1 -15 46 25
 *2154-204U            21 56 46.6 -20  9 42 A     1.882  Q                                   1758    ?  1416  21 54  0.0 -20 24  0
 *Q 2348-011A          23 50 35.7 - 0 52 20      *3.07   Q    18.5                 2359      2359    *  2052  23 48  1.9 - 1  9  1
 *Q 2349-012           23 51 47.2 - 0 59 55      *3.12   Q    16.5                 2359      2359    *  2052  23 49 13.4 - 1 16 36
 *Q 2350-014           23 52 44.3 - 1  9 11      *1.46   Q    18.0                 2359      2359    *  2052  23 50 10.5 - 1 25 52
 *Q 2350-019A          23 52 45.1 - 1 41 14      *3.10   Q    18.5                 2359      2359    *  2052  23 50 11.2 - 1 57 55
 *Q 2356+007           23 58 38.4   1  4  3      *3.17   Q    18.5                 2357      2358    *  2052  23 56  4.6   0 47 21
