 01a 002329.92+252653.9  37.6 26.9  Sc    7m10237  39 0 15.02 0  55.0 13.33 2  87.7 1.29 14.87 14.43 0.2  -20.6 U248a
 01b 002328.77+252631.9  42.8 10.7  Im   12m10266  40 0 15.68 0  32.5 13.85 2  65.7 1.36 15.96 15.04 0.1  -20.0 U248b
 01c 002317.29+252647.6  10.7 10.7  E0    0 10056  34 0 10.21 0  23.8 14.15 0  51.6 1.69 15.89 15.57 0.1  -19.5 
 01d 002321.66+252653.4   8.5  4.8  S0    1 10120  47 0 17.40 0  12.0 15.77 0  13.9 1.60 16.92 16.50 0.2  -18.5 
 02a 002848.85+081132.0  40.5 19.7  SBd   9m 4326  30 0 14.02 0  60.7 13.10 0  67.5 0.88 13.84 13.35 0.1        U312
 02b 002843.74+081157.0  21.2 18.4  cI   13m 4366  34 0 14.62 0  37.6 13.40 0  50.5 1.14 14.63 14.39 0.1        Mk552 MCG1-2-18
 02c 002854.32+080728.9  32.9 18.1  SBc   7m 4235  34 0 15.14 0  48.9 13.97 0  55.4 1.10 14.60 14.15 0.1        U314
 02d 002903.31+080653.1  13.2 12.0  SBb   5 21340  85 0 16.74 0  24.7 15.12 0  28.6 1.54 16.00 15.72 0.2        U315
 03a 003140.70-075025.4  26.6  8.0  Sc    7  7302  51 0 15.60 0  30.8 14.11 0  39.3 1.41 15.36 14.72 0.1        
 03b 003152.61-075230.9  15.4  9.6  SB0a  2  7860  45 0 15.76 0  24.4 14.00 0  31.7 1.71 15.64 15.28 0.1        
 03c 003147.55-075232.8  23.7  6.4  Sd    9 11545  68 1 16.75 0  19.8 15.27 0  26.2 1.37 16.54 15.87 0.1        
 03d 003137.33-075239.9  13.1  9.7  S0    1  7804  30 0 15.98 0  20.1 14.15 0  34.7 1.69 15.91 15.64 0.1        
 04a 003143.69-214250.9  41.1 33.5  Sc    7m 8097  36 0 13.80 0  67.5 12.71 0  75.2 1.01 13.78 13.50 0.1  -21.1 
 04b 003144.16-214444.8  24.2  9.1  Sc    7  7065  44 0 15.70 0  30.9 14.62 0  34.0 1.03 15.52 14.97 0.2  -19.3 
 04c 003145.62-214136.2  12.8 10.0  E2    0m 8863  74 1 16.11 0  24.4 14.45 0  37.3 1.51 15.90 15.69 0.1  -19.1 
 04d 003146.77-214511.5  12.7  7.4  E4    0m 8215  37 0 16.12 0  20.5 14.86 0  26.4 1.19 15.68 15.47 0.1  -19.1 
 04e 003138.37-214241.1  12.9  9.4  Sab   4 18480 180 1 16.61 0  19.0 15.26 0  21.3 1.31 16.37 16.05 0.1        
 05a 003619.61+064716.6  24.4 24.3  Sab   4m12147  34 0 15.08 1  43.5 13.39 1  62.4 1.58 14.79 14.55 0.2  -20.7 N190N U397a
 05b 003619.62+064653.1  17.9 17.5  E0    0m12221  29 0 15.99 1  28.2 13.70 1  49.2 2.03 15.76 15.52 0.2  -19.9 N1905 U397b
 05c 003617.72+064752.8  15.1 13.4  S0    1 12489  47 0 16.72 1  21.7 13.77 1  39.1 1.72 16.52 16.26 0.2  -19.2 
 05d 003619.90+064623.9  12.3  5.0  Sc    7  8215  37 1 17.30 1  17.2 15.49 1  27.4 1.68 17.27 16.72 0.2  -18.7 
 06a 003641.70-084007.7  14.3  7.3  S0a   2 11669  52 1 15.87 1  25.2 13.94 1  44.2 1.62 15.69 15.27 0.2  -20.1 
 06b 003638.10-084018.6  21.2  8.7  Sab   4m11377  61 0 16.16 1  29.5 14.18 1  48.4 1.74 16.03 15.50 0.2  -19.8 
 06c 003638.98-084029.1  21.9 11.0  E5    0 10967  61 0 15.97 1  27.1 14.09 1  44.7 1.64 15.59 15.37 0.2  -19.9 
 06d 003635.50-084032.7   9.0  4.8  Sbc   6 11434  62 0 17.89 1  14.0 16.45 1  20.5 1.39 17.63 17.19 0.2  -18.1 
 07a 003639.66+003520.5  56.8 27.6  Sb    5m 4210  20 0 13.50 0  80.2 11.97 0  96.3 1.48 13.46 12.98 0.1  -20.1 N192 U401
 07b 003644.13+003817.3  40.1 29.2  SB0   1  4238  25 0 13.94 0  69.8 12.40 0  92.2 1.44 14.02 13.74 0.2  -19.4 N196 U405
 07c 003701.15+003506.3  52.3 42.6  SBc   7m 4366  36 0 13.65 0  91.0 12.41 0 102.7 1.19 12.90 12.60 0.7  -20.6 N201 U419
 07d 003645.08+003700.8  38.3 27.9  SBc   7  4116  38 0 14.85 0  59.3 13.39 0  83.8 1.12 15.11 14.77 0.2  -18.3 N197 U406
 08a 004654.48+231820.0  31.5 16.6  E5    0m16014  51 0 15.50 1  13.7 13.23 1  88.6 1.76 14.80 14.50 0.5  -21.5 
 08b 004655.51+231908.2  14.7  8.8  S0    1m15966  38 0 16.41 1  24.3 14.44 1  36.0 1.82 15.79 15.41 0.2  -20.6 
 08c 004656.12+231841.9  13.9 11.8  S0    1 17087  51 0 16.31 1  25.9 14.28 1  43.3 1.81 15.65 15.33 0.2  -20.9 
 08d 004656.99+231802.7  15.6 13.1  S0    1 16341  39 0 16.41 1  26.0 14.27 1  50.5 1.76 15.74 15.42 0.2  -20.7 
 09a 005153.57-234925.2  23.6 18.7  E2    0 20155 125 0 15.59 1  38.6 13.55 1  70.6 1.60 15.10 14.89 0.2        
 09b 005149.15-234823.1  11.1  7.9  S0    1  9406 150 1 15.95 1  32.6 15.17 1  23.8 1.11 15.80 15.50 0.5        
 09c 005152.51-235021.5   9.0  7.9  Sc    7 10300 192 0 16.96 0  16.2 15.32 0  27.4 1.34 16.81 16.56 0.2        
 09d 005150.06-234924.9  13.3 12.5  SBcd  8 17726 193 0 16.69 0  16.9 15.38 0  21.1 1.09 16.72 16.49 0.2        
 10a 012331.03+342633.3 104.8 35.9  SBb   5m 5148  19 0 13.49 0  93.6 11.81 0 123.9 1.56 13.36 12.62 0.1        N536 U1013
 10b 012250.05+342711.1  51.2 48.0  E1    0m 4862  22 0 13.35 0  97.3 11.68 0 127.3 1.57 13.07 12.70 0.1        N529 U995
 10c 012328.38+342940.1  55.4 12.9  Sc    7m 4660  32 0 14.98 0  49.2 13.23 0  63.6 1.66 14.94 14.07 0.1        N531 U1012
 10d 012340.43+342456.5  29.2  7.3  Scd   8  4620  40 0 15.82 0  28.4 14.23 0  35.8 1.52 15.54 14.69 0.20       N542
 11a 012410.80-232907.6  53.9 48.5  SBbc  6  5504  33 0 13.65 0  91.9 12.37 0 107.3 1.22 13.21 12.97 0.2        
 11b 012410.67-233129.8  15.6 11.2  SBc   7 13295  86 0 15.93 0  26.5 14.75 0  28.5 1.15 15.62 15.30 0.2        
 11c 012405.84-232711.0  11.6  5.8  Scd   8 12904  61 0 17.26 0  17.8 15.99 0  19.9 1.20 17.01 16.56 0.1        
 11d 012422.47-232850.0   9.6  7.6  SB0   1  9686  61 0 16.86 0  18.3 15.37 0  24.4 1.39 16.80 16.55 0.1        
 12a 012501.78-045630.2  22.9 15.9  S0    1m14407  53 0 15.25 0  37.8 13.37 0  61.4 1.71 15.09 14.82 0.1  -21.0 
 12b 012502.73-045439.7  18.7 11.6  SB0   1m14956  38 0 16.82 0  19.6 14.96 0  26.5 1.76 16.58 16.29 0.2  -19.6 
 12c 012505.70-045512.6  12.0  5.4  S0    1 14569  66 1 17.82 0   9.5 16.01 0  13.4 1.74 17.64 17.30 0.1  -18.6 
 12d 012505.46-045539.2  14.5  8.3  Sbc   6 14241  62 0 18.16 0  12.8 16.14 0  21.7 1.74 17.61 17.21 0.2  -18.6 
 12e 012456.21-045611.0   6.8  4.6  S0    1 14469  62 0 18.25 0   9.1 16.51 0  11.5 1.68 18.25 17.98 0.1        
 13a 012950.52-080701.0  29.1 11.3  SBab  4 12469  42 0 15.69 1  34.8 13.72 1  55.8 1.80 15.14 14.61 0.2  -20.9 
 13b 012952.38-080750.9  19.9 18.0  E0    0m12100 101 0 15.97 1  33.7 13.86 1  57.3 1.80 15.45 15.25 0.2  -20.2 
 13c 012953.26-080814.4  10.8  5.8  S0    1m12240 105 0 16.96 1  20.2 15.00 1  31.6 1.71 16.55 16.24 0.2  -19.2 
 13d 012949.24-080913.6   6.8  4.8  S0    1 12209 107 0 17.69 0  10.5 15.99 0  13.5 1.64 17.73 17.47 0.1  -18.0 
 13e 012956.06-080737.2   9.1  5.0  S0    1 12593  61 0 17.82 0  13.3 15.76 0  28.3 1.61 17.58 17.28 0.1  -18.2 
 14a 015720.23-071804.0  26.8 11.6  Sb    5m 5929  35 0 15.67 2  32.0 13.67 2  49.8 1.86 15.26 14.77 0.2        
 14b 015722.66-071942.5  30.8 16.7  E5    0m 5365  28 0 15.18 2  51.9 13.51 2  66.4 1.54 14.37 14.17 0.2        
 14c 015719.08-071622.1  18.0  7.3  Sbc   6m 5145  37 0 17.68 2  15.9 15.58 2  21.8 1.94 17.10 16.58 0.2        
 14d 015713.96-071328.5  13.2 10.7  Sd    9  8416  58 0 16.98 0  21.2 15.73 0  25.6 1.15 16.43 16.16 0.2        
 15a 020518.02+015550.1  36.0 20.7  Sa    3m 6967  30 0 14.87 0  48.7 13.08 0  72.3 1.62 14.69 14.29 0.2  -19.9 U1624
 15b 020459.15+015240.8  25.6 25.6  E0    0m 7117  36 0 15.31 0  38.4 13.41 0  69.8 1.70 14.95 14.74 0.1  -19.5 U1617
 15c 020504.78+015445.3  24.5 24.1  E0    0  7222  30 0 14.91 0  45.9 13.34 0  56.2 1.52 14.58 14.37 0.1  -19.9 U1620
 15d 020502.51+015637.0  24.1 18.9  E2    0m 6244  36 0 15.60 1  36.6 13.69 1  56.5 1.70 14.86 14.65 0.2  -19.3 U1618a
 15e 020450.39+015243.8  22.0 18.0  Sa    3  7197  32 0 15.94 0  29.9 13.96 0  58.8 1.69 15.84 15.56 0.1  -18.7 U1617
 15f 020502.85+015711.2  16.8 10.0  Sbc   6m 6242 102 0 16.73 1  25.7 15.35 1  34.1 1.30 16.13 15.74 0.2  -18.2 U1618b
 16a 020657.41-102220.0  34.9 32.6  SBab  4m 4152  39 0 13.05 1  77.1 12.24 1  75.4 0.82 12.99 12.76 0.15 -20.3 N835 Mk1021
 16b 020653.32-102208.9  49.4 23.1  Sab   4m 3977  25 0 13.83 1  61.3 12.75 1  60.9 1.07 13.74 13.27 0.15 -19.7 N833
 16c 020711.25-102256.0  31.5 25.1  Im   12m 3851  36 0 13.72 0  68.9 12.65 0  68.3 1.04 13.40 13.10 0.08 -19.8 N838 Mk1022
 16d 020715.60-102511.1  41.1 22.0  Im    7m 3847  44 0 13.98 0  63.5 12.70 0  64.9 1.29 13.90 13.42 0.09 -19.5 N839
 17a 021122.80+130441.0  10.7 10.3  E0    0 18228  44 0 17.15 1  18.6 14.70 1  49.2 1.88 16.75 16.52 0.2  -19.8 
 17b 021121.40+130448.7   9.0  8.9  E0    0 17904  48 0 17.28 1  17.8 14.70 1  50.9 1.92 16.82 16.59 0.2  -19.7 
 17c 021122.77+130503.9   8.1  6.1  S0    1 18224 105 0 17.76 1  14.3 15.32 1  34.7 1.91 17.73 17.45 0.2  -18.9 
 17d 021125.31+130424.8   4.3  4.1  S0    1 18124 107 0 18.88 0   7.8 16.80 0  13.4 1.85 18.78 18.54 0.1  -17.8 
 17e 021121.88+130509.8   3.4  2.6  S0    1 17976 142 1 19.55 0   6.2 17.40 0  11.1 1.90 19.26 18.98 0.2  -17.3 
 18a 023621.72+180908.5  33.9 10.8  S0a   2 10019  47 0 15.62 1  42.2 14.11 1  45.5 1.42 15.61 15.01 0.2        
 18b 023618.47+181004.1  50.0 26.8  Im   12             15.57 1  47.1 14.34 1  59.2 0.98 15.50 14.90 0.7        U2140a
 18c 023618.20+181024.5  22.8 13.7  Im   12  4143  37 0 16.24 1  30.1 15.25 1  35.8 0.82 16.09 15.61 0.2        U2140b
 18d 023616.95+181043.9  21.6 18.3  Im   12  4067  58 0 15.73 1  37.8 15.03 1  38.2 0.71 15.43 15.10 0.2        U2140c
 19a 024014.26-123800.4  26.2 20.4  E2    0  4279  25 0 14.51 1  46.1 12.85 1  68.9 1.56 14.23 14.00 0.2  -19.2 
 19b 024017.99-123823.6  24.1  7.8  Scd   8  4210  25 0 15.79 1  28.5 14.44 1  34.4 1.28 15.86 15.24 0.2  -17.9 
 19c 024022.67-123635.6  32.4 14.5  Sdm  10             15.58 0  45.8 14.25 0  58.5 1.12 14.97 14.46 0.1  -18.6 
 19d 024018.66-123933.5  13.4  6.5  SBb   5             17.71 0  15.5 15.87 0  23.8 1.60 17.13 16.65 0.1  -16.5 
 20a 024117.08+255317.1  14.5  5.5  S0    1 14477  45 0 17.43 1  16.2 15.26 1  29.9 1.85 17.17 16.70 0.2  -19.1 
 20b 024117.58+255354.7   9.4  5.0  E5    0 14424  42 0 17.46 1  14.0 15.21 1  27.7 1.87 17.03 16.73 0.2  -19.1 
 20c 024118.64+255340.0   9.2  8.5  E1    0 15032  45 0 17.36 1  17.6 15.18 1  33.7 1.83 16.94 16.64 0.2  -19.3 
 20d 024123.50+255349.0   7.4  6.2  S0a   2 10561  61 0 17.88 1  13.3 16.01 1  19.2 1.75 17.72 17.37 0.2        
 20e 024121.90+255330.4   5.4  4.1  E2    0 14312  49 0 18.53 1   9.5 16.60 1  12.6 1.84 17.99 17.69 0.2  -18.1 
 20f 024122.19+255400.6   6.3  3.0  S0a   2 14280  62 0 19.54 1   6.1 17.36 1  10.2 1.75 18.77 18.25 0.2  -17.5 
 21a 024258.42-175507.5  44.8 13.2  Sc    7m 7614  29 0 15.29 3  44.9 13.14 3  77.0 1.87 14.79 14.13 0.2  -20.3 
 21b 024316.59-175356.5  45.9 19.1  Sab   4  7568  35 0 14.69 3  54.4 12.64 3  82.6 1.89 14.39 13.85 0.2  -20.6 
 21c 024234.04-175212.8  29.2 26.8  E1    0  7356  31 0 14.88 3  50.6 12.66 3  95.3 1.62 14.34 14.10 0.2  -20.2 
 21d 024309.92-174509.5  18.0 15.0  E2    0  8835  48 0 15.96 3  30.6 14.17 3  44.6 1.62 15.42 15.18 0.2  -19.6 
 21e 024302.86-174437.0  17.4 14.7  SB0a  2  8843  61 0 16.34 3  28.8 14.58 3  39.6 1.62 16.10 15.81 0.2  -18.9 
 22a 030118.22-154830.4  79.8 62.5  E2    0m 2705  22 0 12.78 0 111.2 10.95 0 172.2 1.62 12.49 12.24 0.13       N1199
 22b 030105.95-155124.5  30.6 12.4  Sa    3  2625  38 0 15.32 0  38.4 13.64 0  57.5 1.52 15.04 14.47 0.1        
 22c 030104.02-154905.8  52.2 47.3  SBcd  8  2728  60 0 14.55 0  81.4 13.19 0  99.0 1.20 14.20 13.90 0.7        
 22d 030110.73-155249.8  23.3 15.7  E3    0  9342  45 0 15.60 1  34.3 13.70 1  55.4 1.71 15.22 14.97 0.2        
 22e 030114.52-155225.3  25.8 13.0  E5    0  9506  49 0 15.68 1  31.5 13.84 1  49.7 1.65 15.37 15.12 0.2        
 23a 030430.36-094409.5  37.2 11.9  Sab   4m 4798  37 0 15.13 3  36.7 13.45 3  50.1 1.59 14.96 14.32 0.2  -19.1 N1214
 23b 030444.07-094706.1  46.1 28.7  SBc   7m 4921  30 0 15.14 3  48.7 13.41 3  64.4 1.59 14.83 14.42 0.2  -19.0 N1215
 23c 030453.01-094817.5  23.2  6.8  S0    1m 5016  97 0 16.00 3  19.4 13.67 3  32.3 2.25 15.98 15.52 0.2  -18.0 N1216
 23d 030429.78-094917.2  19.3 15.2  Sd    9m 4562  54 0 16.66 3  26.7 15.19 3  35.1 1.28 16.30 16.00 0.5  -17.3 
 23e 030444.94-094609.0  12.1  5.5  Sm   11 10150  60 0 17.77 3  15.6 16.09 3  21.0 1.52 17.59 17.03 0.2        
 24a 031751.42-110235.0  18.7 17.7  S0    1  9248  41 0 15.89 1  34.0 13.81 1  63.2 1.69 15.51 15.23 0.2  -19.6 
 24b 031758.94-110249.5  22.6 16.7  SBa   3m 9137  44 0 15.60 0  38.7 13.94 0  48.9 1.54 15.26 14.89 0.2  -19.9 
 24c 031748.95-110235.4  12.0  8.3  SB0   1  9283 109 0 17.26 1  19.6 15.35 1  30.9 1.61 16.93 16.60 0.2  -18.2 
 24d 031756.24-110216.4   6.5  4.7  S0a   2  8779  61 0 17.95 0  11.0 16.25 0  16.0 1.61 17.83 17.46 0.1  -17.3 
 24e 031754.31-110249.1   4.7  4.6  E0    0  9323  61 0 18.30 1   9.5 16.45 1  14.5 1.63 17.91 17.64 0.2  -17.2 
 25a 031810.47-011719.8  38.4 17.5  SBc   7m 6285  30 0 14.70 0  51.1 13.63 0  54.3 1.05 14.39 13.86 0.1  -20.2 U2690
 25b 031812.86-011327.5  29.0 19.1  SBa   3m 6408  35 0 15.15 1  41.2 12.33 1  54.5 1.75 14.85 14.45 0.2  -19.6 U2691a
 25c 031810.57-011055.3  22.3  8.8  Sb    5 10864  61 0 16.10 1  23.9 14.60 1  27.9 1.46 15.93 15.35 0.2        
 25d 031806.07-011253.8   9.8  7.0  S0    1m 6401  36 0 16.36 0  16.6 14.58 0  21.0 1.46 16.24 15.92 0.1  -18.1 
 25e 031810.04-011109.7   9.3  8.7  Sdm  10 10965  38 0 16.67 1  17.0 15.38 1  19.3 1.25 16.17 15.89 0.2        
 25f 031812.82-011401.3  11.1  9.9  S0    1m 6279  37 0 16.66 1  18.8 14.96 1  29.2 1.52 17.26 16.98 0.2  -17.1 U2691b
 25g 031819.60-011434.1   8.7  6.2  S0    1 12179  26 0 17.38 0  13.7 15.60 0  17.8 1.70 17.25 16.93 0.1        
 26a 031934.10-134944.9  32.0  5.8  Scd   8m 9678  50 0 17.34 1  20.1 15.93 1  27.8 0.75 17.00 16.10 0.7  -18.9 
 26b 031935.95-134936.0  19.5  9.6  E0    0m 9332  39 0 16.74 1  21.1 15.46 1  25.1 1.30 15.88 15.61 0.2  -19.3 
 26c 031928.35-134926.1   9.6  4.4  S0    1  9618  62 0 17.61 0  11.9 16.46 0  13.7 1.10 17.51 17.10 0.1  -17.8 
 26d 031935.34-134925.3   5.6  5.0  cI   13m 9133  62 0 16.94 1  17.3 16.77 1  13.9 0.54 16.08 15.81 0.2  -19.0 
 26e 031929.94-135035.1  10.5  3.5  Im   12m 9623  50 0 18.34 0  11.4 17.57 0  12.9 0.66 17.80 17.05 0.1  -17.9 
 26f 031936.40-135031.8   5.4  3.7  cI   13  9626  46 0 18.93 0   7.3 18.57 0   7.3 0.36 18.95 18.68 0.1  -16.2 
 26g 031934.03-134937.3   5.9  5.0  S0    1  9293  62 0 18.48 1  11.8 17.61 1  11.2 1.03 17.70 17.40 0.7  -17.5 
 27a 041705.85-115111.0  15.6  5.9  Sb    5 18340  62 0 17.01 0  17.5 15.23 0  22.5 1.71 16.77 16.06 0.1        
 27b 041657.47-114917.7  13.8  8.5  SBc   7 18530  61 0 16.58 0  21.7 15.28 0  23.1 1.29 16.25 15.71 0.1        
 27c 041702.75-115034.3  11.1  8.0  Sa    3 26352  62 0 17.50 0  16.0 15.47 0  23.6 1.89 17.26 16.78 0.1  -20.4 
 27d 041654.25-114840.6   8.3  4.5  S0a   2 26256  62 0 18.02 0  12.2 16.14 0  17.5 1.74 17.80 17.25 0.1  -19.9 
 27e 041700.39-114951.3   2.8  2.8  S0    1 26044 115 0 19.22 0   8.0 17.18 0  11.1 1.90 18.40 18.00 0.5  -19.1 
 27f 041657.07-114848.7   5.0  3.9  S0    1m26100 134 2 19.46 0   7.2 17.10 0  14.5 1.86 18.50 18.10 0.7  -19.0 
 28a 042456.04-102501.7  25.7  5.7  Sb    5m11441  26 0 16.31 0  25.8 14.91 0  31.2 1.33 16.24 15.33 0.1        
 28b 042457.48-102613.5  21.4 11.1  E5    0 11489  23 0 16.24 0  27.0 15.10 0  27.7 1.19 15.70 15.31 0.1        
 28c 042455.67-102543.9  10.8  6.5  S0    1m11290  26 0 16.67 0  17.3 15.35 0  21.2 1.26 16.24 15.76 0.1        
 28d 042456.65-102611.7   5.8  5.8  Sdm  10 30205  63 0 18.42 0  13.9 16.76 0  18.0 1.15 17.80 17.40 0.7        
 29a 043246.53-303850.1   9.4  7.0  cI   13 13328  46 0 15.24 2  32.7 15.16 2  21.9 0.67 14.84 14.49 0.2        
 29b 043247.81-303845.0  10.0  5.8  S0    1 30824  64 0 18.66 0  14.1 16.77 2  16.9 1.91 17.50 17.00 0.5        
 29c 043248.70-303838.9   8.2  6.2  E2    0 31669  64 0 18.25 0  12.0 16.67 0  18.9 1.51 17.75 17.40 0.2        
 29d 043250.45-303845.0   5.0  5.0  SB0   1 31714  63 0 18.90 0   9.4 17.36 0  12.2 1.48 18.70 18.35 0.2        
 30a 043347.98-025555.7  55.5 40.5  SB-   3  4697  20 0 13.79 2  87.8 11.29 2 170.9 2.11 13.41 12.87 0.2  -20.5 
 30b 043359.72-025801.9  36.5 23.5  Sa    3m 4625  24 0 14.33 0  59.7 12.59 0  82.1 1.63 14.23 13.65 0.1  -19.7 
 30c 043352.64-025402.2  17.3 12.5  SBbc  6m 4508  38 1 15.87 0  39.3 14.70 0  40.9 1.12 15.60 15.06 0.1  -18.2 
 30d 043406.07-025636.7  15.4 10.2  S0    1m 4666  49 0 16.76 0  22.9 15.05 0  32.8 1.53 16.19 15.69 0.1  -17.7 
 31a 045909.86-041951.8  32.3 19.9  Sdm  10m 4042  44 0 15.62 2  33.6 14.43 2  40.2 1.13 15.52 14.83 0.2        N1741
 31b 045906.53-042008.4  26.1 13.7  Sm   11m 4171  43 0 15.35 2  31.5 14.73 2  30.2 0.70 15.09 14.31 0.2        
 31c 045908.91-041945.5  18.3  7.0  Im   12m 4068  34 0 13.44 2  74.5 12.76 2  74.1 0.82 13.40 12.50 0.5        Mk1089
 31d 045908.54-041942.2   5.4  4.5  Sbc   6 26900  65 0 18.53 0  10.6 17.06 0  13.2 1.34 17.86 17.27 0.1        
 32a 045929.38-153112.8  18.9 15.3  E2    0 12547  38 0 14.72 4  62.5 13.23 2  73.5 1.44 14.30 13.80 0.7  -21.7 
 32b 045924.22-152811.6  16.1  6.7  SB0   1 12125  57 0 16.07 0  33.6 14.56 0  36.5 1.47 15.91 15.28 0.1  -20.2 
 32c 045932.77-153007.0  13.7  8.7  S0a   2 11984  49 1 17.12 2  20.9 15.23 4  28.5 1.73 16.60 16.00 0.7  -19.4 
 32d 045929.58-153007.8  13.7  7.3  S0    1 12313  52 1 17.59 4  12.3 15.76 2  16.7 1.76 17.33 16.74 0.2  -18.7 
 33a 050753.09+175727.5  11.1 10.1  E1    0m 7570  41 0 16.89 4  21.8 13.69 1  67.9 2.34 16.15 15.35 0.2        
 33b 050752.73+175806.7  15.9 10.0  E4    0m 8006  21 0 16.94 4  19.5 13.69 1  70.3 2.31 16.21 15.41 0.2        
 33c 050750.29+175730.5  23.3  6.7  Sd    9m 7823  47 1 18.06 4  18.7 14.85 1  55.3 2.32 17.70 16.40 0.7        
 33d 050758.66+175819.2   7.2  7.2  E0    0  7767  37 0 18.42 4   8.6 15.37 4  27.9 2.20 17.53 16.73 0.2        
 34a 051904.51+063827.5  19.6 16.1  E2    0m 8997  31 0 14.89 4  61.2 12.23 2 130.3 2.11 14.90 14.20 0.5        N1875
 34b 051908.49+063743.6   8.5  3.7  Sd    9m 9620  40 0 17.41 4  22.2 14.77 2  45.0 2.11 17.60 16.56 0.2        
 34c 051907.55+063802.7  11.2  5.8  SBd   9m 9392  40 0 17.10 4  24.6 15.15 2  41.8 1.58 17.26 16.28 0.2        
 34d 051906.33+063808.9   4.5  3.0  S0    1  8817  66 1 18.29 4  13.2 15.64 2  28.5 2.08 18.40 17.57 0.2        
 35a 084157.67+444210.5  14.4  6.1  S0    1m15919  38 0 16.24 1  24.7 14.46 1  34.7 1.69 16.03 15.56 0.2  -20.5 
 35b 084157.08+444129.0  15.8 13.7  E1    0 16338  32 0 15.80 1  35.2 14.45 1  39.1 1.36 15.45 15.13 0.2  -21.0 
 35c 084154.89+444235.7  10.4  9.1  E1    0 16357  39 0 16.36 1  23.3 14.05 1  51.7 1.91 16.01 15.69 0.2  -20.4 
 35d 084157.11+444319.0  11.6  5.0  Sb    5 15798  40 0 17.13 4  19.5 16.18 4  39.4 1.89 17.42 16.81 0.2  -19.2 
 35e 084157.16+444108.4   5.9  3.5  S0    1 16773  57 0 17.72 1  12.7 16.04 1  17.2 1.61 17.46 17.05 0.2  -19.1 
 35f 084157.31+444256.0   4.1  3.7  E1    0 16330  62 0 18.71 4   9.9 16.42 4  24.8 1.86 18.44 18.12 0.2  -18.0 
 36a 090635.82+155958.0  38.0 17.5  Sb    5  3808  29 0 15.14 2  35.7 13.53 2  51.7 1.50 15.04 14.50 0.2        I528 Mk1225 U4811
 36b 090639.75+160030.8  14.3  5.0  Sc    7  6333  41 0 16.86 2  15.7 15.61 2  17.7 1.21 16.61 15.98 0.2        
 36c 090633.61+160033.6   9.2  6.5  Scd   8  8635  45 0 17.61 2  13.8 16.37 2  16.6 1.16 17.25 16.86 0.2        
 36d 090635.57+155857.2  15.1  4.1  Sbc   6 15668  62 0 17.85 2  13.4 16.23 2  17.4 1.51 17.80 17.08 0.2        
 37a 091039.82+301157.9  51.9  8.6  E7    0m 6745  20 0 13.92 1  67.0 12.05 1  94.5 1.79 13.23 12.97 0.2  -21.2 N2783 U4859
 37b 091032.96+301224.0  48.4 28.1  Sbc   6m 6741  34 0 15.51 1  40.8 13.33 1  57.2 1.99 14.95 14.50 0.2  -19.7 U4856
 37c 091037.59+301223.4  11.9  8.7  S0a   2m 7357  41 0 16.51 1  24.2 14.44 1  38.4 1.76 15.93 15.57 0.2  -18.8 
 37d 091034.19+301316.8  12.0  9.5  SBdm 10m 6207  50 1 16.41 0  26.1 15.87 0  23.8 0.51 16.21 15.87 0.2  -18.3 
 37e 091034.34+301448.0   9.1  9.1  E0    0m 6363  20 0 17.01 0  18.7 15.97 0  23.8 1.02 16.47 16.21 0.1        
 38a 092451.80+122914.1  22.1  8.6  Sbc   6m 8760  75 0 16.13 0  27.4 14.53 0  31.6 1.55 15.83 15.25 0.1        
 38b 092500.74+123019.2  30.0 17.6  SBd   9m 8739  42 0 15.43 1  38.4 13.87 1  53.2 1.39 15.20 14.76 0.2        U5044a
 38c 092501.64+123021.8  21.8  9.3  Im   12m 8770  89 0 16.09 1  33.4 14.62 1  32.9 1.52 16.01 15.39 0.2        U5044b
 38d 092451.42+123109.4  13.1  5.5  SBa   3 24282  62 0 17.30 0  17.1 15.53 0  21.5 1.69 17.15 16.60 0.2        
 39a 092654.92-010734.2  10.5  8.2  Sb    5 21119  52 0 17.42 1  18.7 15.74 1  20.5 1.76 16.94 16.58 0.2  -20.1 
 39b 092655.81-010747.8   7.9  5.6  S0    1 21176  61 1 17.63 1  14.7 15.95 1  17.5 1.65 17.53 17.20 0.2  -19.5 
 39c 092656.74-010759.4   7.9  5.5  Sc    7 20667  35 0 17.57 0  14.0 16.18 0  16.3 1.32 17.34 16.94 0.1  -19.7 
 39d 092654.39-010712.4   7.0  4.7  S0    1 21048  37 0 17.87 0  12.3 16.17 0  15.0 1.65 17.66 17.32 0.1  -19.3 
 40a 093623.02-043721.5  32.9 24.3  E3    0m 6628  27 0 14.09 1  65.3 12.18 1  94.1 1.75 13.70 13.44 0.2  -20.7 
 40b 093624.55-043822.8  18.7 14.6  S0    1m 6842  27 0 15.19 1  39.5 13.24 1  56.7 1.84 14.89 14.58 0.2  -19.6 
 40c 093622.70-043758.7  36.9  9.6  Sbc   6m 6890  21 0 15.82 1  36.5 13.66 1  58.2 2.00 15.88 15.15 0.2  -19.0 
 40d 093625.26-043639.4  23.9 11.0  SBa   3m 6492  21 0 15.20 1  41.0 13.54 1  53.8 1.56 15.06 14.53 0.2  -19.5 
 40e 093624.95-043752.8  17.8  6.2  Sc    7m 6625  49 0 17.36 1  17.8 15.41 1  27.4 1.84 17.32 16.69 0.2        
 41a 095427.50+452805.3  35.2  9.6  Sab   4  3751  27 0 14.70 0  37.7 13.16 0  46.4 1.49 14.59 13.88 0.1        U5345
 41b 095432.68+452950.4  32.6 10.3  Sab   4  7241  24 0 15.44 0  37.3 13.91 0  52.2 1.38 15.11 14.45 0.1        U5346
 41c 095419.23+452836.9  16.9  7.9  Sb    5  9717  40 0 16.63 0  20.2 15.31 0  23.4 1.28 16.36 15.84 0.1        
 41d 095442.49+452801.5   8.3  4.7  S0    1  4431  67 0 18.21 0  11.0 16.41 0  14.1 1.71 18.13 17.77 0.2        
 42a 095752.29-192345.5  97.1 69.2  E3    0m 3625  32 0 12.34 1 135.4 10.31 1 210.3 1.56 11.98 11.69 0.2        N3091
 42b 095811.38-192516.8  27.2 26.3  SB0   1  4198  28 0 14.52 0  59.1 13.03 0  64.0 1.47 14.48 14.18 0.2        
 42c 095748.44-192254.3  21.8 17.9  E2    0  4005  31 0 14.56 1  41.2 12.86 1  51.8 1.74 14.21 13.92 0.2        
 42d 095751.10-192555.8  13.3 10.7  E2    0  4076  48 0 16.54 0  19.8 14.73 0  27.4 1.72 16.13 15.84 0.2        
 43a 100846.08+001325.6  21.1  8.1  Sb    5 10163  38 0 15.94 0  27.0 14.40 0  32.9 1.48 15.69 15.13 0.1  -19.9 
 43b 100833.79+001215.6  30.2  5.5  SBcd  8m10087  35 0 16.25 0  25.8 14.76 0  35.8 1.36 16.00 15.18 0.1  -19.9 
 43c 100838.87+001044.7  15.0  8.3  SB0   1m 9916  33 0 16.27 0  20.4 14.51 0  30.2 1.67 16.15 15.82 0.1  -19.2 
 43d 100839.23+000934.8   8.9  8.0  Sc    7  9630  37 0 17.35 0  15.5 15.98 0  16.9 1.34 17.08 16.82 0.1  -18.1 
 43e 100840.56+001143.0   8.2  7.4  S0    1  9636  68 0 17.80 0  14.9 15.79 0  22.1 1.82 17.40 17.20 0.5  -17.7 
 43f 100844.85+001418.3  21.2  5.9  Sbc   6 19505  64 0 18.63 0  10.7 17.16 0  14.1 1.27 17.94 17.27 0.1        
 44a 101520.64+220454.9 100.7 47.3  Sa    3m 1293  24 0 12.43 3 130.5 11.14 3 141.4 1.28 11.99 11.52 0.05 -19.0 N3190 U5559
 44b 101539.55+220836.8  53.0 44.4  E2    0m 1378  19 0 14.21 3  65.5 12.19 3 136.5 1.69 11.83 11.62 0.04 -19.1 N3193 U5562
 44c 101453.29+215618.8  56.8 33.4  SBc   7m 1218  14 0 13.35 3  91.5 12.37 3  95.4 0.97 12.94 12.55 0.06 -17.9 N3185 U5554
 44d 101502.47+220725.4  67.7 27.4  Sd    9m 1579  91 0 14.28 3  70.3 14.06 3  66.4 0.26 13.61 13.09 0.07 -17.9 N3187 U5556
 45a 101551.41+592254.4  41.4 13.5  Sa    3m21811  34 0 15.87 0  38.4 14.14 0  56.1 1.57 15.90 15.20 0.5  -21.5 U5564
 45b 101543.07+592122.4  11.4  9.4  S0a   2 22195  29 0 16.95 0  21.3 15.33 0  23.2 1.59 17.59 17.24 0.1  -19.5 
 45c 101545.68+592006.5  12.5  2.9  Sc    7 21799  72 0 18.34 0  11.5 16.78 0  13.1 1.40 18.40 17.60 0.7  -19.1 
 45d 101553.97+592318.3   8.5  5.2  S0    1 20735  43 0 17.81 0  13.9 16.07 0  19.9 1.63 17.63 17.26 0.1  -19.4 
 46a 101924.39+180526.8  10.9  8.0  E3    0m 8201  35 0 16.83 3  17.8 15.08 3  31.9 1.34 16.61 16.40 0.2  -18.2 
 46b 101930.12+180622.0   9.5  7.8  S0    1  8571  36 0 16.95 3  16.5 15.29 3  26.4 1.40 16.52 16.28 0.2  -18.4 
 46c 101929.87+180644.7   7.8  6.9  E1    0  7906  42 0 16.81 3  14.9 15.17 3  24.5 1.39 16.34 16.13 0.2  -18.4 
 46d 101934.36+180804.6  12.5  7.5  SB0   1  7703  33 0 16.81 3  19.1 15.02 3  27.1 1.68 16.41 16.11 0.2  -18.3 
 47a 102305.93+135817.0  26.3 17.9  SBb   5m 9581  31 0 15.29 1  40.3 13.56 1  56.3 1.59 14.95 14.61 0.2  -20.3 U5644
 47b 102308.23+135856.9  17.9 12.8  E3    0m 9487  32 0 16.28 1  25.7 14.26 1  37.0 1.86 15.88 15.67 0.2  -19.2 
 47c 102308.66+140027.4   9.2  8.3  Sc    7  9529  50 0 17.58 1  18.5 16.33 1  18.2 1.10 16.87 16.63 0.2  -18.3 
 47d 102307.45+140011.5  13.7 10.7  Sd    9  9471  56 0 17.16 1  21.8 15.99 1  27.1 1.11 16.50 16.20 0.7  -18.7 
 48a 103525.58-264913.1  45.7 35.1  E2    0m 3014  48 0 14.02 3  81.3 12.39 3 103.0 1.54 13.50 13.21 0.2        I2597
 48b 103527.90-265141.5  22.0 20.4  Sc    7m 2385  51 0 15.11 3  44.1 14.26 3  41.6 0.87 14.95 14.63 0.2        
 48c 103518.89-264751.2  15.4  6.8  S0a   2  4203  36 0 16.52 3  20.7 14.75 3  27.2 1.71 16.36 15.82 0.2        
 48d 103519.93-264702.1   8.8  7.5  E1    0  3045 139 0 17.48 3  15.7 15.62 3  23.3 1.68 16.99 16.70 0.2        
 49a 105323.11+672708.5  14.3 13.3  Scd   8m 9939  36 0 16.32 1  21.6 14.92 1  40.0 1.04 16.19 15.87 0.2  -19.1 
 49b 105320.72+672650.9  13.2  8.7  Sd    9m 9930  51 0 16.76 1  15.9 15.47 1  28.8 0.90 16.74 16.30 0.2  -18.7 
 49c 105318.20+672654.3  10.1  7.9  Im   12m 9926  60 0 17.67 1  13.7 16.24 1  23.8 1.06 17.58 17.18 0.2  -17.8 
 49d 105314.95+672642.9  10.2  6.7  E5    0m10010  72 0 17.33 1  11.8 16.00 1  22.2 0.97 17.28 16.99 0.2  -18.0 
 50a 111414.37+551123.2   5.9  5.8  E0    0 41870 118 0 19.08 1   9.2 16.20 1  23.1 2.17 18.70 18.40 0.5  -19.8 
 50b 111416.31+551125.0   8.2  4.4  SB0   1 41170 111 0 19.15 1   9.0 16.46 1  19.6 2.14 18.90 18.50 0.7  -19.6 
 50c 111412.11+551137.3   4.5  4.1  S0    1 41398  62 0 19.92 1   7.1 17.19 1  15.7 2.14 19.60 19.30 0.5  -18.9 
 50d 111414.53+551146.8   7.3  4.1  S0    1 42546  62 0 19.83 1   7.1 17.02 1  15.8 2.25 19.50 19.20 0.7  -19.0 
 50e 111416.93+551134.6   4.3  2.9  S0    1 41650  62 0 20.32 1   5.4 17.64 1  12.0 2.13 20.00 19.70 0.7  -18.5 
 51a 111947.57+243423.1  40.0 37.0  E1    0  7696  34 0 14.49 1  58.5 12.68 1  79.0 1.68 14.08 13.89 0.2  -20.5 N3651 U6388
 51b 111935.51+243425.1  28.8 16.1  SBbc  6  8183  62 0 15.69 0  26.1 13.78 0  49.1 1.51 15.67 15.28 0.1  -19.3 
 51c 111951.42+243312.2  34.4 22.9  S0    1  8902  20 0 14.76 1  52.4 12.30 1 102.8 1.67 14.43 14.17 0.2  -20.6 N3653
 51d 111951.90+243425.8  16.4 14.9  Sa    3  7529  35 0 15.81 1  30.3 12.97 1  74.1 1.47 15.40 15.18 0.2  -19.2 
 51e 111934.58+243527.4  20.3 16.5  E2    0m 7700  23 0 15.41 0  40.7 13.87 0  41.2 1.55 15.00 14.81 0.2  -19.6 
 51f 111947.72+243404.4  17.0  8.5  S0    1  7532  30 0 15.40 1  43.9 13.67 1  65.8 1.56 15.10 14.79 0.2  -19.6 
 51g 111949.49+243409.6   7.0  5.7  cI   13             16.34 1  19.7 15.03 1  22.5 1.27 15.92 15.73 0.2  -18.7 
 52a 112341.32+212216.2  24.9 14.3  SBab  4 12979  38 0 15.54 0  38.9 13.88 0  47.9 1.57 15.28 14.90 0.1        
 52b 112338.86+212254.9  21.0  4.7  Sc    7 13040  73 0 16.83 0  21.2 15.24 0  25.3 1.53 16.37 15.66 0.2        
 52c 112341.59+211947.4  23.8  7.9  Scd   8 12630  61 0 16.68 0  23.7 15.41 0  28.9 1.17 16.26 15.69 0.2        
 52d 112338.68+212147.3   8.2  6.1  Sdm  10  6293  65 0 17.70 0  15.6 16.68 0  17.3 0.97 17.05 16.76 0.2        
 53a 112613.01+210415.3  69.6 23.4  SBbc  6  6261  31 0 13.87 0  75.3 12.52 0  86.3 1.30 13.48 12.91 0.2        N3697 U6479
 53b 112622.67+210054.2  24.5 14.3  S0    1m 6166  81 0 15.11 1  35.2 13.44 1  46.9 1.57 15.01 14.73 0.2        
 53c 112621.21+210132.3  19.5 12.0  SBd   9m 6060  50 0 15.26 1  37.9 14.22 1  43.6 1.00 15.17 14.81 0.2        Mk1296
 53d 112637.44+210257.3  14.8  8.2  Sc    7  9070 174 2 16.78 0  21.5 15.44 0  26.6 1.22 16.66 16.27 0.1        
 54a 112637.92+205133.2  11.6 11.6  Sdm  10m 1397  46 0 14.16 1  44.9 13.94 1  63.2 0.88 14.05 13.86 0.2        I700 U6487
 54b 112636.80+205125.7   5.7  3.9  Im   12m 1412  33 0 16.38 1  22.7 15.55 1  28.7 0.70 16.43 16.08 0.2        
 54c 112639.01+205143.6   4.8  4.4  Im   12m 1420  35 0 17.05 1  20.5 16.24 1  26.1 0.65 17.00 16.80 0.7        
 54d 112639.25+205151.3   5.4  2.5  Im   12  1670  50 0 18.26 1  11.9 17.85 1  13.1 0.53 18.54 18.02 0.2        
 55a 112908.44+710529.4  13.2 12.9  E0    0 15820 100 0 16.25 1  23.1 14.36 1  38.8 1.67 15.71 15.43 0.2  -20.6 U6514
 55b 112906.99+710457.4   7.9  7.0  S0    1 15690 100 0 16.88 1  15.9 15.00 1  26.1 1.68 16.37 16.06 0.2  -20.0 U6514
 55c 112907.19+710513.4  17.2 11.3  E3    0m15480 100 0 17.43 1  18.8 15.31 1  32.8 1.83 16.88 16.60 0.2  -19.4 U6514
 55d 112908.38+710550.8   8.2  6.6  E2    0 16070 100 0 17.63 1  12.6 15.62 1  20.5 1.81 17.09 16.81 0.2  -19.2 U6514
 55e 112909.09+710541.5   6.6  5.0  Sc    7 36880 100 0 18.03 1  15.3 16.52 1  18.7 1.35 17.44 17.06 0.2        U6514
 56a 113001.85+531301.5  27.9  7.0  Sc    7m 8245  35 0 16.36 0  24.3 14.81 0  27.1 1.51 15.96 15.24 0.2  -19.4 Mk176
 56b 112955.61+531336.0  17.1 10.4  SB0   1m 7919  38 0 15.00 1  33.6 13.52 1  41.2 1.43 14.83 14.50 0.2  -20.0 U6257
 56c 112951.83+531325.4  18.4 14.0  S0    1m 8110  28 0 15.87 1  23.7 14.27 1  30.7 1.52 15.66 15.37 0.2  -19.2 U6257
 56d 112950.42+531324.2  12.5  7.9  S0    1m 8346  56 0 17.01 1  18.7 15.32 1  24.4 1.62 16.84 16.52 0.2  -18.1 U6257
 56e 112947.85+531255.3  12.5  9.5  S0    1m 7924  63 0 16.54 0  20.3 15.19 0  29.3 1.20 16.52 16.23 0.1  -18.3 
 57a 113517.26+221527.9  51.5 19.1  Sb    5m 8727  31 0 14.66 1  56.6 12.74 1  81.1 1.73 14.52 13.99 0.2  -20.7 N3753 U6602a
 57b 113507.13+221710.4  30.0 18.9  SBb   5m 9022  20 0 15.15 0  43.5 13.45 0  53.7 1.55 14.67 14.32 0.2  -20.5 N3746 U6597
 57c 113515.23+221502.7  27.4 21.0  E3    0m 9081  36 0 15.23 1  35.1 13.52 1  49.1 1.57 14.82 14.63 0.2  -20.2 N3750
 57d 113518.60+221545.2  17.3 15.5  SBc   7m 8977  41 0 15.20 1  44.3 14.06 1  47.4 1.26 14.74 14.51 0.2  -20.3 N3754
 57e 113512.63+221809.6  18.0  9.1  S0a   2m 8992 105 0 15.91 0  43.5 14.10 0  36.5 1.71 15.76 15.37 0.1  -19.4 N3748
 57f 113517.57+221246.8  20.8 12.0  E4    0m 9594 105 0 15.23 0  48.0 14.07 0  53.8 1.07 15.41 15.22 0.1  -19.7 N3751
 57g 113508.06+221751.8  13.4  7.9  SB0   1m 9416 105 0 16.35 0  16.4 14.56 0  14.6 1.65 16.12 15.84 0.1  -19.0 N3745
 57h 113514.16+221719.6  10.0  8.5  SBb   5             17.38 0  16.7 15.75 0  20.6 1.53 16.99 16.75 0.1  -18.1 
 58a 113936.31+103318.4  36.7 24.0  Sb    5m 6138  20 0 14.28 3  58.2 12.97 3  55.7 1.31 13.89 13.56 0.2  -20.4 N3822 U6661
 58b 113948.82+103229.9  40.1 32.3  SBab  4  6503  17 0 14.10 3  74.6 12.52 3  76.1 1.57 13.66 13.40 0.2  -20.7 N3825 U6668
 58c 113918.38+103453.3  30.6 22.4  SB0a  2m 6103  19 0 14.51 3  55.3 13.24 3  55.0 1.27 14.11 13.83 0.2  -20.1 N3817 U6657
 58d 113931.13+103741.8  28.4 25.0  E1    0m 6270  27 0 15.14 3  43.1 13.62 3  48.8 1.48 14.67 14.49 0.2  -19.5 N3819
 58e 113930.06+103940.6  23.2 14.1  Sbc   6m 6052  33 0 15.59 3  32.5 14.33 3  37.4 1.20 15.21 14.86 0.2  -19.1 N3820
 59a 114552.91+130019.0  17.7 16.3  Sa    3m 4109  31 0 14.96 0  38.1 13.48 0  53.4 1.38 14.73 14.52 0.1  -18.6 I736
 59b 114545.55+125938.7  15.0 14.4  E0    0m 3908  58 0 15.92 1  29.1 14.22 1  42.2 1.55 15.38 15.20 0.2  -17.8 
 59c 114557.88+125859.5  24.7  7.0  Sc    7  4347  38 0 16.04 1  32.8 15.05 1  32.6 1.03 15.00 14.40 0.5  -18.8 
 59d 114556.12+130027.9  17.7 11.5  Im   12m 3866  36 0 16.29 1  28.0 15.21 1  38.5 0.77 16.17 15.80 0.2  -17.3 1737
 59e 114544.88+130207.1  12.8  6.3  Scd   8 23700 240 0 17.76 1  16.8 16.06 0  20.8 1.58 17.00 16.60 0.5        
 60a 120034.23+515712.3  17.3 13.4  E2    0 19007  46 0 16.08 0  31.6 14.14 1  45.5 1.76 15.27 15.04 0.2  -21.4 
 60b 120023.76+515824.5  11.3  7.0  E4    0m18318  90 1 17.24 0  18.9 15.37 0  26.7 1.69 16.20 16.00 0.5  -20.4 
 60c 120034.00+515748.9  11.1  7.8  SBc   7 19277 180 0 17.39 1  19.9 15.63 1  27.4 1.60 16.51 16.16 0.2  -20.4 
 60d 120036.85+515722.8   9.4  6.7  S0    1 18300 154 1 17.20 1  19.5 15.41 1  26.8 1.61 16.45 16.16 0.2  -20.2 
 61a 120946.60+292728.2  54.3 33.7  S0a   2m 3784  18 0 13.20 0  89.7 11.67 0 101.1 1.50 13.15 12.82 0.1        N4169 U7202
 61b 120948.31+292923.4 103.7 27.1  Im   12  1127  20 0 13.73 1  91.3 12.81 1  98.8 0.94 13.36 12.59 0.2        N4173 U7204
 61c 120959.03+292647.6  51.8 15.5  Sbc   6m 3956  20 0 14.31 0  57.4 12.71 0  68.0 1.56 14.14 13.53 0.1        N4175 U7211
 61d 120954.84+292537.7  25.6 13.7  S0    1m 3980  30 0 14.48 0  38.7 13.05 0  45.6 1.40 14.42 14.12 0.1        N4174 Mk761 U7206
 62a 125029.70-085559.7  52.3 34.3  E3    0m 4355  38 0 13.79 1  59.9 11.25 1 129.3 2.00 13.58 13.36 0.2  -19.8 
 62b 125028.32-085539.2  44.2 33.3  S0    1  3651  41 0 14.21 1  42.9 12.04 1  99.9 1.71 14.03 13.76 0.2  -19.1 
 62c 125033.80-085536.4  24.6 12.3  S0    1m 4359  37 0 15.00 1  40.2 13.59 1  31.9 1.45 14.91 14.57 0.2  -18.6 
 62d 125030.62-085912.4  19.9 16.8  E2    0  4123  76 0 16.30 0  19.7 14.11 0  52.8 1.71 16.03 15.81 0.1  -17.3 
 63a 125932.64-322937.3  33.0  7.9  SBbc  6  5228  29 0 15.03 3  44.4 13.49 3  57.8 1.43 14.80 13.97 0.2        
 63b 125922.33-323107.6  41.7 22.3  SBc   7m 9346  29 0 14.47 3  60.4 14.07 3  59.5 0.41 13.82 13.27 0.2        
 63c 125928.14-322955.0  16.6 14.9  SBc   7  9460 112 0 15.66 3  34.8 14.54 3  36.6 1.10 15.27 14.90 0.2        
 63d 125919.57-323023.4   8.9  6.6  Sc    7m 9141 133 0 17.51 3  15.3 16.44 3  20.7 0.83 17.23 16.79 0.2        
 64a 132309.87-033615.2  39.9 13.4  SBc   7m10596  46 0 15.58 1  41.2 13.89 1  90.8 1.48 15.30 14.70 0.5        
 64b 132307.61-033535.3  26.9 15.3  Scd   8m10723  32 0 16.74 1  20.6 15.06 1  71.3 1.42 16.25 15.84 0.2        
 64c 132304.24-033317.4  20.7 17.1  Sd    0  6147  76 0 15.60 5  16.0 15.10 5  85.0 0.80 14.90 14.70 0.5        
 64d 132306.78-033524.6   6.2  4.1  S0    1 11100  89 0 17.98 1  11.8 16.36 1  65.1 1.42 17.48 17.19 0.2        
 65a 132702.96-291524.4  37.0 26.8  E3    0m14105  44 0 14.67 0  57.7 12.88 1  77.2 1.59 14.03 13.71 0.1  -22.1 
 65b 132706.93-291421.9  27.4 11.9  S0    1 14700  55 1 15.49 1  42.2 14.16 1  47.8 1.63 15.01 14.54 0.2  -21.3 
 65c 132705.38-291402.5  19.0 14.8  E2    0m14243  46 0 15.79 1  34.8 13.70 1  58.0 1.66 15.15 14.83 0.2  -20.9 
 65d 132704.19-291518.7  10.0  7.0  E3    0m13733  27 0 15.94 1  34.9 13.93 1  48.4 1.77 15.26 14.94 0.2  -20.8 
 65e 132707.51-291401.1   4.5  4.5  E0    0m14405 107 0 17.01 1  23.4 15.66 1  27.2 1.43 15.37 15.05 0.2  -20.8 
 66a 133648.38+573356.2  13.4 11.6  E1    0 20688  36 0 16.15 1  26.6 14.15 1  43.9 1.78 15.58 15.38 0.2  -21.2 
 66b 133650.55+573356.6  12.8  5.9  S0    1 21472  64 0 17.27 1  18.5 15.39 1  28.9 1.68 16.84 16.50 0.2  -20.2 
 66c 133645.16+573341.6   9.6  4.7  S0    1 20801  74 0 17.16 1  15.8 15.32 1  24.4 1.67 16.72 16.39 0.2  -20.2 
 66d 133644.48+573327.7   5.0  4.2  E2    0 20850  76 0 18.22 1  10.5 16.26 1  16.8 1.76 17.65 17.45 0.2  -19.2 
 67a 134633.78-065833.8  58.8 54.4  E1    0m 7262  26 0 13.43 1  86.9 11.73 1 115.5 1.59 12.97 12.74 0.2  -21.6 
 67b 134621.99-065650.7  68.4 12.3  Sc    7m 7644  45 0 15.26 0  48.1 14.64 0  42.2 1.75 14.71 13.89 0.2  -20.5 
 67c 134634.98-065740.8  19.9 14.4  Scd   8m 7430  45 0 15.83 1  38.7 14.21 1  39.9 1.30 15.40 15.06 0.2  -19.3 
 67d 134632.25-065901.0  16.5  9.8  S0    1m 7071  43 0 15.94 1  30.2 13.28 1  72.6 1.60 15.57 15.25 0.2  -19.0 
 68a 135119.59+403142.5  77.4 59.9  S0    1m 2162  27 0 12.04 1 112.3 10.19 1 197.3 1.63 12.08 11.84 0.08 -19.8 N5353 U8813
 68b 135119.70+403252.8  86.4 71.1  E2    0m 2635  23 0 12.52 1 114.3 10.56 1 234.1 1.63 12.44 12.24 0.06 -19.9 N5354 U8814
 68c 135114.81+403632.0  76.7 61.9  SBbc  6m 2313  38 0 12.11 2 134.3 10.90 2 166.4 1.10 12.20 11.93 0.2  -19.9 N5350 Mk1485 U8810
 68d 135138.79+403500.5  31.1 21.8  E3    0m 2408  29 0 14.27 0  52.8 12.97 0  54.4 1.30 13.93 13.73 0.1  -18.2 N5355 U8819
 68e 135152.87+403106.8  35.2 15.5  S0    1  2401  27 0 14.74 0  43.7 13.27 0  56.4 1.40 14.56 14.22 0.1  -17.7 N5358 U8826
 69a 135311.13+251905.8  47.5 11.1  Sc    7m 8856  48 0 15.93 1  39.4 14.19 1  53.7 1.57 15.66 14.94 0.2  -19.8 U8842
 69b 135315.68+251738.2  14.8 11.3  SBb   5m 8707  36 0 16.09 0  23.8 14.52 0  31.1 1.49 15.90 15.59 0.1  -19.1 
 69c 135313.90+251907.2  13.4 11.0  S0    1  8546  44 0 15.93 1  25.0 14.36 1  32.1 1.45 15.19 14.94 0.2  -19.7 U8842
 69d 135309.62+251904.7  10.8  7.0  SB0   1  9149  55 0 17.04 1  18.1 15.40 1  24.1 1.51 16.35 16.06 0.2  -18.8 U8842
 70a 140159.15+333434.3  35.0  7.0  S0a   2  8238  25 0 15.30 1  30.3 13.66 1  37.6 1.60 15.21 14.50 0.2        I4371 U8990
 70b 140159.88+333247.2  22.7 15.5  SBa   3  8198  47 0 15.26 0  35.5 13.71 0  42.4 1.51 15.10 14.75 0.1        I4369
 70c 140209.55+333336.2  25.6  7.3  Sbc   6  8079  48 0 16.17 0  26.5 14.85 0  30.5 1.27 15.69 15.03 0.2        
 70d 140159.00+333503.9  11.1  9.1  Sc    7 18846  49 0 16.24 1  23.2 14.81 1  27.6 1.38 15.71 15.42 0.2  -21.0 I4370
 70e 140154.87+333333.7  12.8 11.9  Sbc   6 19117  55 0 16.32 0  24.1 15.06 0  26.4 1.24 16.16 15.91 0.1  -20.5 
 70f 140153.34+333403.7   7.9  6.4  SBb   5 19243 130 0 17.25 0  17.4 16.36 0  18.2 0.88 16.69 16.40 0.2  -20.0 
 70g 140149.07+333413.4   7.2  6.4  Sa    3 19010  90 0 16.43 0  16.7 14.93 0  24.3 1.39 16.65 16.39 0.1  -20.0 
 71a 140840.48+254353.7  31.5 25.8  SBc   7  9320  17 0 14.57 0  53.4 13.28 0  57.9 1.27 14.05 13.75 0.2        I4381 U9073
 71b 140845.98+254516.1  18.1  5.4  Sb    5m 9335  65 0 15.56 0  22.6 14.21 0  25.8 1.33 15.55 14.90 0.1        14382
 71c 140848.59+254302.5  13.7  9.9  SBc   7  8450  76 1 16.43 0  25.2 15.44 0  26.0 0.97 15.90 15.56 0.1        
 71d 140851.70+254132.9   7.9  5.4  S0    1 20590 103 1 17.18 0  14.9 15.41 0  20.0 1.69 17.22 16.92 0.1        
 72a 144535.17+191704.3  15.1  6.0  Sa    3 12506  36 0 16.28 0  20.3 14.56 0  26.1 1.66 14.43 13.86 0.2  -21.6 
 72b 144536.56+191604.7  15.7  6.7  S0    1m12356  38 0 16.14 1  27.4 14.43 1  37.7 1.57 15.88 15.48 0.2  -20.0 U9532
 72c 144538.57+191509.0  11.1  8.8  E2    0m13062  40 0 16.12 1  30.3 14.44 1  40.6 1.54 15.72 15.47 0.2  -20.1 
 72d 144537.48+191552.3  12.0  7.4  SB0   1m12558  45 0 16.30 1  26.6 14.32 1  37.2 1.86 15.98 15.64 0.2  -19.9 
 72e 144536.96+191532.1   7.4  7.4  Scd   8 24050 288 1 18.56 1  13.6 17.20 1  16.1 1.19 18.00 17.80 0.5        
 72f 144536.71+191519.0   9.1  6.0  S0    1 13950 103 0 18.59 1  10.6 17.03 1  13.5 1.41 18.25 17.93 0.2        
 73a 150029.05+233140.5  41.5 30.8  Scd   8  5728  43 0 14.14 0  76.3 12.93 0  89.2 1.13 13.68 13.30 0.1        N5829 U9673
 73b 150025.26+233239.7  11.4  8.7  Im   12m13600 107 0 17.02 0  22.7 14.59 0  40.1 2.11 16.61 16.22 0.1        
 73c 150036.95+233313.5   7.2  5.9  S0    1 13300  75 0 17.00 0  16.2 15.10 0  26.7 1.70 16.94 16.63 0.1        
 73d 150018.65+233350.1   9.4  3.0  Sb    5 13480 103 0 18.66 0   9.9 16.13 0  16.9 2.25 18.22 17.55 0.1        
 73e 150018.29+233120.0   9.1  5.4  Sd    9 28500 109 1 17.92 0  12.2 16.65 0  14.1 1.20 17.52 17.07 0.2        
 74a 151710.70+210434.1  24.7 23.0  E1    0m12255  30 0 14.96 1  48.1 12.75 1  88.1 1.90 14.35 14.06 0.2  -21.4 
 74b 151710.16+210413.4  18.5 12.9  E3    0 12110  43 0 15.97 1  28.2 13.79 1  51.0 1.88 15.36 15.07 0.2  -20.4 
 74c 151711.97+210446.3  13.5  9.0  S0    1 12266  43 0 17.00 1  17.9 14.89 1  32.1 1.83 16.46 16.10 0.2  -19.4 
 74d 151717.80+210347.0   9.8  7.9  E2    0 11681  42 0 17.06 0  17.4 15.02 0  28.2 1.85 16.61 16.32 0.1  -19.0 
 74e 151713.82+210518.5   5.9  3.8  S0    1 11489  97 0 18.60 0   8.4 16.54 0  15.3 1.79 18.17 17.80 0.1        
 75a 151916.68+212207.0  21.9 16.0  E4    0m12538  42 0 15.32 1  36.9 13.49 1  50.1 1.96 15.50 15.20 0.5  -20.3 
 75b 151916.62+212215.6  19.0  5.2  Sb    5m12228  43 0 17.93 1  14.8 15.36 1  26.9 1.96 15.60 14.90 0.7  -20.6 
 75c 151925.03+212118.8  10.5  7.0  S0    1 12292  56 0 16.67 1  25.4 15.10 1  27.2 1.54 16.29 15.93 0.2  -19.5 
 75d 151923.46+212135.1   9.8  5.4  Sd    9m12334  42 0 16.70 1  21.0 15.40 1  21.8 1.30 16.32 15.82 0.2  -19.7 
 75e 151920.32+212126.0  12.1  5.5  Sa    3m12300 300 0 17.10 0  15.1 15.33 0  19.2 1.71 16.93 16.36 0.1  -19.1 
 75f 151916.09+212149.5   6.3  5.2  S0    1m13080  67 1 17.33 1  13.1 15.57 1  19.0 1.76 16.99 16.66 0.2  -19.0 
 76a 152920.80+072835.3  24.0  6.3  Sa    3 10054  34 0 16.01 0  24.2 14.14 0  33.7 1.79 15.84 15.08 0.1  -20.0 N5944
 76b 152913.51+073027.0  20.4 16.4  E2    0m10002  30 0 15.23 1  41.1 13.54 1  57.2 1.56 14.74 14.44 0.2  -20.6 
 76c 152910.12+072851.2  21.2 20.2  E0    0 10663  29 0 15.63 0  37.1 13.48 0  67.0 1.86 15.03 14.73 0.1  -20.4 N5941
 76d 152915.34+072719.5  17.3 14.8  E1    0 10150  33 0 16.15 0  28.5 14.08 0  41.5 1.92 15.51 15.21 0.1  -19.8 N5942
 76e 152923.43+072846.9   8.2  7.4  SB0   1 10328  52 0 17.35 0  15.9 15.71 0  20.1 1.55 16.96 16.65 0.1  -18.4 
 76f 152912.53+073015.0  14.2  9.6  S0    1m10216  90 0 17.27 1  20.2 15.71 1  27.1 1.45 16.84 16.48 0.2  -18.6 
 76g 152908.99+073105.5  36.1  6.4  Sc    7  9843  81 0 17.65 0  15.7 16.06 0  19.0 1.45 17.30 16.40 0.7  -18.6 
 77a 154705.96+215812.0  26.0 18.4  S0    1 10508  56 0 16.38 1  24.4 14.53 1  47.8 1.57 16.14 15.75 0.2        U10049
 77b 154705.87+215827.4  22.1 13.7  S0    1 10690  69 0 16.62 1  20.2 14.64 1  44.5 1.70 16.41 15.99 0.2        U10049
 77c 154705.56+215856.3  32.4 16.1  Im   12  2200  76 0 16.03 1  29.7 15.02 1  34.3 1.06 15.79 15.15 0.2        U10049
 77d 154706.13+215845.8  11.2  7.7  Im   12  2250  63 0 17.42 1  14.5 16.58 1  17.8 0.51 17.04 16.54 0.2        U10049
 78a 154804.69+682219.2  41.6 18.5  SBb   5  8599  31 0 15.01 0  51.1 12.49 0  64.4 1.42 14.87 14.35 0.2        U10057
 78b 154755.63+682129.6  23.0  7.2  S0    1  9544  30 0 15.12 0  25.2 13.66 0  34.7 1.41 15.05 14.61 0.1        
 78c 154829.43+682041.5  15.3  4.2  S0    1 18200 281 1 18.25 0  15.4 15.73 0  24.1 2.18 18.06 17.59 0.2        
 78d 154820.52+682315.8  14.6  9.3  Sm   11 10000 187 1 17.23 0  20.7 16.13 0  24.2 0.98 16.61 16.19 0.1        
 79a 155659.59+205343.2  50.2 48.6  E0    0m 4292  35 0 15.12 1  44.7 13.46 1  50.5 1.60 14.70 14.35 0.2  -18.8 N6027 U10116
 79b 155700.80+205415.4  60.5 44.1  S0    1m 4446  25 0 14.55 1  43.0 13.07 1  46.9 1.44 14.19 13.78 0.2  -19.3 N6027 U10116
 79c 155659.14+205409.8  40.3 26.1  S0    1m 4146  50 0 15.48 1  33.8 14.21 1  35.7 1.27 15.15 14.72 0.2  -18.5 N6027 U10116
 79d 155700.18+205315.5  28.1 12.3  Sdm  10m 4503  43 0 16.89 1  23.5 16.74 1  16.1 0.85 16.51 15.87 0.2  -17.4 N6027 U10116
 79e 155701.31+205401.5  11.1  8.6  Scd   8 19809  50 0 16.61 1  25.1 15.31 1  26.5 1.32 16.31 15.87 0.2        N6027 U10116
 80a 155850.69+652221.7  25.4  5.4  Sd    9m 8963  45 0 15.66 0  25.4 14.25 0  29.8 1.38 15.54 14.76 0.1  -20.0 
 80b 155853.14+652146.8  10.2  8.7  Sa    3  9584  39 0 16.52 0  22.4 14.97 0  26.9 1.49 16.21 15.92 0.1  -19.0 
 80c 155838.98+652225.8   9.8  8.2  Im   12m 9550  37 0 16.23 0  21.0 15.24 0  26.6 0.89 16.15 15.83 0.1  -19.1 
 80d 155843.66+652144.0  13.6  5.4  Im   12  9108  54 0 17.01 0  19.6 16.19 0  19.1 0.84 16.82 16.18 0.1  -18.6 
 81a 161553.62+125525.4  11.9  4.6  Sc    7 14676  46 0 17.11 0  14.2 15.59 0  17.9 1.46 16.98 16.25 0.1  -19.6 U10319
 81b 161553.99+125435.1  11.7  5.4  S0    1 15150  94 0 17.11 1  15.1 15.59 1  27.5 1.85 17.04 16.51 0.2  -19.4 U10319
 81c 161554.84+125450.5  12.6  6.8  S0    1m15050  96 0 17.78 1  14.1 15.63 1  24.6 1.89 17.68 17.18 0.2  -18.7 U10319
 81d 161554.54+125459.3   7.8  6.9  S0a   2m14954  91 0 17.74 1  12.5 15.61 1  22.8 1.87 17.57 17.14 0.2  -18.8 U10319
 82a 162628.51+325731.0  24.8 16.9  E3    0m11177  30 0 14.94 0  47.7 12.83 0  96.1 1.71 14.51 14.14 0.1  -21.1 N6162 U10403
 82b 162634.10+325718.5  24.8 14.7  SBa   3m10447  37 0 15.41 0  40.3 13.66 0  49.9 1.67 15.18 14.62 0.1  -20.5 N6163
 82c 162626.60+325513.0  24.5  8.5  Im   12m10095  38 0 15.74 0  32.9 14.53 0  34.0 1.21 15.61 14.78 0.1  -20.3 N6161
 82d 162622.92+325521.6  14.7  5.7  S0a   1 11685  46 0 16.72 0  17.1 15.15 0  19.6 1.55 16.61 15.95 0.1  -19.4 
 83a 163309.41+062201.0   7.9  7.9  E0    0 15560  60 0 16.83 0  16.9 14.90 0  27.8 1.76 16.45 15.99 0.1  -20.0 
 83b 163313.35+062150.0   8.9  7.0  E2    0 16442  69 0 17.04 1  18.1 15.07 1  28.9 1.75 16.50 16.04 0.2  -20.1 
 83c 163316.31+062249.7   7.8  4.2  Scd   8 16520 133 0 17.52 0  13.0 16.29 0  15.5 1.16 17.37 16.70 0.1  -19.4 
 83d 163314.19+062137.9   3.7  3.0  Sd    9 15500 133 1 19.09 1   7.6 18.05 1   8.3 1.04 18.44 17.91 0.2  -18.1 
 83e 163311.25+062229.4   2.9  2.5  S0    1 15560 160 2 19.44 0   6.6 17.51 0  10.5 1.69 18.90 18.40 0.5  -17.6 
 84a 164643.95+775538.8  17.8 14.7  E2    0m16654  61 0 15.77 1  32.7 13.99 1  46.1 1.64 14.96 14.66 0.2  -21.5 
 84b 164635.59+775650.7  14.4  6.4  S0    1 16554  73 0 16.86 0  17.6 14.97 0  25.7 1.77 16.54 16.10 0.1  -20.0 
 84c 164651.36+775507.8  14.9  7.4  Sa    3 16353  71 0 16.82 1  21.7 15.09 1  29.8 1.60 16.21 15.67 0.2  -20.4 
 84d 164623.83+775644.4   8.2  4.6  S0    1 16800  92 0 17.54 0  12.8 15.89 0  15.6 1.66 17.20 16.80 0.1  -19.4 
 84e 164648.57+775536.2   4.6  4.6  E0    0 16950  81 0 18.00 1  13.8 16.28 1  18.3 1.62 17.19 16.89 0.2  -19.3 
 84f 164610.16+775616.3   6.1  6.1  E0    0 32500 100 0 18.42 0  12.4 16.23 0  20.7 1.90 17.22 16.92 0.2        
 85a 185121.97+731723.1  16.0 14.7  E1    0m11155  38 0 15.77 1  28.7 13.73 1  51.0 1.82 15.47 15.12 0.2        
 85b 185129.97+731700.7  13.1 12.3  E1    0 12122  36 0 16.26 1  23.7 14.24 1  40.0 1.82 15.97 15.62 0.2        
 85c 185133.22+731745.8   9.0  4.1  S0    1 11912  47 0 17.65 0  10.3 15.69 0  15.8 1.85 17.47 16.98 0.1        
 85d 185139.84+731714.6   6.7  6.4  E0    0 11900  96 0 18.12 0  11.8 16.08 0  21.6 1.72 17.36 17.01 0.1        
 86a 194859.87-305710.7  25.4 20.3  E2    0m 6174  39 0 14.63 0  49.4 12.23 0 122.6 1.92 14.30 13.68 0.1        
 86b 194850.03-305642.8  22.1 16.6  E2    0m 6196  45 0 15.13 0  39.0 13.00 0  68.3 1.92 14.80 14.18 0.1        
 86c 194848.25-305909.3  17.2 13.3  SB0   1  5529  42 0 16.08 0  29.0 13.64 0  48.9 2.20 15.72 15.06 0.1        
 86d 194842.94-305615.3  18.7  9.6  S0    1  5916  50 0 15.85 0  23.9 14.19 0  35.7 1.66 15.75 15.02 0.1        
 87a 204523.03-200205.3  39.8  9.1  Sbc   6m 8694  35 0 15.41 0  39.7 13.29 0  62.5 1.86 14.95 13.97 0.2  -20.7 
 87b 204519.03-200229.8  17.5 14.1  S0    1m 8972  65 1 15.60 0  34.3 13.80 0  48.5 1.60 15.60 15.10 0.1  -19.7 
 87c 204520.15-200102.1  21.4  9.1  Sd    9  8920 133 1 16.23 0  29.5 14.88 0  34.0 1.28 15.78 15.02 0.1  -19.8 
 87d 204521.05-200153.9   7.8  5.8  Sd    9 10200 160 1 17.83 0  13.0 16.34 0  16.4 1.39 17.46 16.89 0.2  -18.2 
 88a 204956.55-055359.7  45.1 20.2  Sb    5m 6033  25 0 14.22 0  57.3 12.57 0  75.9 1.56 14.02 13.18 0.1  -20.7 N6978
 88b 204950.95-055608.5  34.0 26.5  SBb   5m 6010  22 0 14.28 0  62.2 12.69 0  75.5 1.51 13.88 13.24 0.1  -20.7 N6977
 88c 204947.18-055740.8  27.6 21.0  Sc    7  6083  26 0 14.95 0  56.1 13.96 0  58.1 0.99 14.52 13.87 0.1  -20.1 N6976
 88d 204933.93-055912.7  32.7  8.5  Sc    7m 6032  59 0 15.96 0  30.6 14.60 0  34.4 1.31 15.52 14.49 0.2  -19.4 N6975
 89a 211724.26-040804.4  29.1 16.1  Sc    7  8850  61 0 15.50 0  40.9 14.27 0  46.1 1.16 14.80 14.10 0.5  -20.6 
 89b 211742.47-040631.8  20.9 10.2  SBc   7m 8985  45 0 16.22 0  28.5 15.18 0  30.5 1.01 15.59 14.88 0.2  -19.9 
 89c 211731.59-040748.7  14.4  8.6  Scd   8  8872  40 0 16.55 0  24.4 15.39 0  27.0 1.11 16.16 15.52 0.1  -19.2 
 89d 211731.21-040714.6   8.1  5.1  Sm   11  8857  32 0 17.16 0  14.9 16.32 0  16.6 0.80 16.92 16.27 0.1  -18.5 
 90a 215907.58-320641.9  71.8 43.2  Sa    3m 2575  28 0 13.13 0  95.1 11.48 0 112.0 1.60 12.84 12.36 0.07 -19.7 N7172
 90b 215914.08-321356.1  39.9 36.4  E0    0  2525  29 0 12.66 1  86.9 10.89 1 135.7 1.64 12.88 12.57 0.13 -19.5 N7176
 90c 215908.78-321257.7  36.6 30.4  E0    0m 2696  24 0 14.03 1  47.2 11.25 1 173.5 2.23 13.04 12.73 0.06 -19.3 N7173
 90d 215911.60-321408.8  69.3 26.3  Im   12m 2778  29 0 14.37 1  55.0 12.13 1  98.8 1.83 13.54 12.81 0.15 -19.4 N7174
 91a 220617.17-280319.9  43.2 35.0  SBc   7m 6832  40 0 13.57 1  77.2 12.43 1  94.9 1.09 13.00 12.62 0.13 -21.6 N7214
 91b 220626.02-275837.6  28.0  5.1  Sc    7m 7196  66 0 15.80 0  27.2 14.34 0  31.3 1.43 15.53 14.63 0.2  -19.7 
 91c 220623.70-280141.4  23.9 16.4  Sc    7  7319  49 0 15.39 0  41.8 14.24 0  47.6 1.08 14.91 14.47 0.2  -19.9 
 91d 220618.12-280247.6  13.4 10.2  SB0   1m 7195  41 0 15.48 1  25.8 13.91 1  36.7 1.37 15.34 14.99 0.2  -19.3 
 92a 223345.95+334120.6  69.8 44.2  Sd    9   786  20 0 13.47 1  84.1 12.38 1  86.4 1.09 13.28 12.53 0.09       N7320 U12101
 92b 223341.05+334223.7  66.6 32.9  Sbc   6m 5774  24 0 14.06 1  70.1 12.47 1  90.0 1.43 14.01 13.18 0.13       N7318B U12100
 92c 223346.33+334257.4  52.8 41.5  SBc   7m 6764  28 0 14.25 1  83.2 12.65 1  81.5 1.62 14.00 13.33 0.1        N7319 U12102
 92d 223339.40+334222.3  36.6 30.7  Sc    7m 6630  23 0 14.47 1  57.8 13.13 1  68.2 1.23 14.28 13.63 0.08       N7318A U12099
 92e 223334.71+334107.0  22.9 21.2  E1    0  6599  26 0 14.93 1  50.0 12.72 1  62.5 1.16 14.60 14.01 0.08       N7317
 93a 231246.80+184119.2  36.2 33.4  E1    0m 5140  31 0 13.48 0  95.9 11.85 0 104.7 1.60 12.95 12.61 0.1  -21.0 N7550 U12456
 93b 231248.00+184607.6  57.4 19.5  SBd   9m 4672  38 0 14.13 0  64.1 12.79 0  72.2 1.30 13.90 13.18 0.1  -20.2 N7594 U12457
 93c 231234.43+184201.3  35.9 15.9  SBa   3m 5132  33 0 14.87 0  41.4 12.92 0  68.3 1.79 14.56 13.94 0.1  -19.6 N7547 U12453
 93d 231303.91+184630.1  16.9 16.5  SB0   1  5173  34 0 15.85 0  27.6 13.90 0  41.3 1.83 15.61 15.27 0.1  -18.3 
 93e 231309.07+183847.9  27.1 21.8  Sa    3  8881  39 0 16.02 0  30.1 13.85 0  55.0 1.87 15.82 15.40 0.1        
 94a 231444.00+182604.4  25.9 23.9  E1    0m12040  42 0 14.66 1  63.7 12.93 1  73.3 1.67 14.25 13.91 0.2  -21.5 N7578B U12477
 94b 231442.50+182539.5  17.3 12.8  E3    0m11974  37 0 15.28 1  50.5 13.54 1  61.3 1.63 14.87 14.53 0.2  -20.9 N7578A U12478
 94c 231450.82+182739.7  20.1  8.6  S0    1m12120  52 0 16.38 0  22.4 14.43 0  32.6 1.83 16.06 15.58 0.1  -19.9 
 94d 231445.75+182618.7   9.3  5.8  S0    1m13009  42 0 16.52 1  26.7 14.80 1  31.4 1.65 16.21 15.79 0.2  -19.8 
 94e 231446.00+182712.1  14.8  3.7  Sd    9m12250 103 0 18.15 0  12.1 16.37 0  15.8 1.66 17.72 16.90 0.2  -18.6 
 94f 231449.10+182757.0   7.0  5.0  S0    1 12920 108 0 18.16 0  11.0 16.22 0  17.2 1.76 18.18 17.78 0.1        
 94g 231450.51+182832.6   5.9  3.3  S0    1 13200 114 0 18.57 0   8.4 16.64 0  13.1 1.76 18.40 17.96 0.1        
 95a 231658.17+091402.9  26.3 19.5  E3    0m11888  45 0 15.23 1  37.3 13.43 1  49.1 1.70 14.71 14.42 0.2  -21.0 N7609
 95b 231702.04+091316.0  20.7  8.9  Scd   8m11637  48 0 16.12 0  25.1 14.63 0  29.9 1.44 15.93 15.34 0.1  -20.0 
 95c 231656.13+091314.0  28.4  9.4  Sm   11m11562  40 0 16.38 1  26.3 14.66 1  37.2 1.51 15.93 15.20 0.2  -20.1 
 95d 231659.31+091344.2  22.1  4.4  Sc    7m12350  97 0 17.23 0  16.9 15.37 0  22.0 1.77 17.00 16.14 0.1  -19.3 
 96a 232524.61+083009.9  33.3 30.6  Sc    7m 8698  25 0 14.01 1  61.6 12.64 1  73.8 1.33 13.84 13.53 0.2  -21.2 N7674 Mk533 U12608
 96b 232533.75+082934.5  18.7 14.1  E2    0m 8616  42 0 15.04 0  39.7 13.20 0  60.7 1.68 14.77 14.49 0.1  -20.2 
 96c 232526.52+083026.4  12.2  8.8  Sa    3m 8753  35 0 16.10 1  19.8 14.38 1  26.1 1.61 16.09 15.69 0.2  -19.0 
 96d 232527.90+082930.7   6.6  3.7  Im   12m 8975  57 0 17.13 0  13.2 16.10 0  15.9 0.97 17.10 16.56 0.1  -18.2 
 97a 234449.08-023443.9  45.9 25.0  E5    0m 6910  25 0 14.27 1  68.9 12.75 1 115.8 1.76 14.41 14.16 0.2  -20.1 I5357
 97b 234503.87-023542.3  34.1  9.1  Sc    7  6940  72 0 15.86 0  30.2 14.17 0  39.7 1.57 15.54 14.83 0.1  -19.4 I5359
 97c 234449.78-023745.6  23.3 14.8  Sa    3  5995  35 0 15.11 0  35.5 13.51 0  48.9 1.51 14.95 14.54 0.1  -19.4 I5356
 97d 234444.94-023528.3  28.3 24.7  E1    0  6239  33 0 14.95 0  41.9 12.66 1 105.4 1.50 14.70 14.45 0.1  -19.5 I5351
 97e 234445.87-023332.1  11.6  9.8  S0a   2  6579  45 0 16.75 1  17.1 14.81 1  30.1 1.67 16.61 16.31 0.2  -17.8 
 98a 235136.36+000616.3  45.8 22.1  SB0   1m 7855  20 0 14.14 1  65.4 12.43 1  85.3 1.60 14.04 13.67 0.2        N7783A U12837a
 98b 235138.49+000554.1  21.3 15.4  S0    1m 7959  26 0 15.16 1  33.9 13.41 1  49.8 1.58 15.99 15.69 0.2        N7783B U12837b
 98c 235140.14+000443.4   8.7  6.7  E2    0  8145  33 0 16.59 0  15.4 14.85 0  25.4 1.62 16.42 16.17 0.1        
 98d 235136.98+000656.9   8.2  8.2  Sc    7 14950  67 0 16.94 0  15.3 15.93 0  16.4 1.00 17.46 17.21 0.1        
 99a 235804.56+280623.9  34.7 15.2  Sa    3  8705  20 0 14.98 1  42.6 13.25 1  48.2 1.70 14.62 13.97 0.2  -20.7 U12897
 99b 235813.50+280724.7  24.8 22.1  E2    0  8846  30 0 15.00 1  40.0 13.05 1  64.0 1.76 14.39 14.03 0.2  -20.7 U12899
 99c 235810.60+280723.0   9.4  6.1  SB0a  2  8216  34 0 15.85 1  35.9 13.90 1  54.3 1.76 15.36 14.87 0.2  -19.7 
 99d 235811.69+280535.9  21.5 13.9  S0a   2  8643  82 0 17.44 0  15.8 15.65 0  21.3 1.67 17.22 16.73 0.1  -18.0 
 99e 235808.92+280527.2  11.3  8.9  S0    1  9007  96 0 17.84 0  11.1 16.07 0  16.0 1.65 17.68 17.28 0.1        
100a 235846.33+124957.2  33.2 19.0  Sb    5m 5300  27 0 14.20 0  48.9 12.62 0  61.7 1.53 14.13 13.66 0.1  -20.0 N7803 U12906
100b 235852.35+125003.8  17.3 15.7  Sm   11m 5253  37 0 15.40 0  33.0 14.28 0  38.8 1.05 15.21 14.90 0.1  -18.7 Mk0934
100c 235839.75+125156.1  22.1  9.6  SBc   7m 5461  38 0 16.01 0  31.4 15.46 0  31.3 1.23 15.78 15.22 0.1  -18.5 
100d 235841.00+125003.3  16.0  6.1  Scd   8m            16.97 0  19.3 14.67 0  40.2 1.18 16.58 15.97 0.1  -17.8 
