  1   +64 13     0  8.0 +65  3   86.6  +3.2 +64 13      10.4   10.2   B5       0.065   c  B 1    3.    3.   0.0009  a       1100    -65  +1096  +62
  2   IC 11      0 15. :+56  2   86.5  -5.8  ?                                            C 2                                                     
  3   NGC 281    0 47.4 +56  3   91.0  -6.0 +55 191      7.7    7.9   O6       0.874   E  B 2   27.   23.   0.0006  aclmn   1700    -31  +1690 -178
  4a  IC 59      0 51.4 +60 33   91.4  -1.5 +59 144      2.15   2.25  Bom:e    1.458   E  B 3   18.   12.   0.009   acehlm   110     -3   +110   -3
  4b  IC 63      0 54.2 +60 18   91.7  -1.5 +59 144      2.15   2.25  Bom:e            E  B 3   11.   11.                                         
  5   IC 155     1 40.7 +59 17   97.2  -1.8  ?                                            C 2   12.   12. ? 0.003   f        300    -38   +298   -9
  6a  IC 1795a   2 19.3 +61 37  101.6  +1.7 +61 411      9.9 : 10.5            0.571      B 3    6.    6.   0.0006  a       1700   -342  +1666  +51
  6b  IC 1795b   2 19.3 -61 37  101.6  +1.7  Anon       13.  :                -0.145      B 3    1.    1.                                         
  6c  IC 1795c   2 19.3 +61 37  101.6  +1.7  ?                                            C 2   27.   13.                                         
  7   IC 1805    2 24.5 +61  2  102.3  +1.5  Cl          6.0          B0?      1.262   E  A 1   50.   44.   0.0013  acln     770   -164   +752  +20
  8   IC 1831    2 36. :+63   : 102.7  +3.9  ?                                            C 2  120.  120. ?                                       
  9a  IC 1848    2 43.6 +60  1  104.9  +1.6 +59 552      7.13   7.11  O7       1.195   e  B 5   60.   30.   0.0015  acln     670   -172   +647  +20
 10   IC 1851    2 44.2 +57 54  105.9  -0.2 +57 651      6.27:  6.27  A0       0.443   e  B 3    6.    4.   0.009   acl      110    -30   +106    0 
  9b  McD 29     2 45.2 +60  3  105.0  +1.6 +59 552      7.13   7.11  O7               E                                                          
  9c  +60 596    2 45.8 +60  4  105.0  +1.7 +60 596      9.7    9.6   B5       0.326   c  B 1    4.    4.                                         
  9d             2 45.8 +60  9  105.0  +1.7  Anon       13.3 : 13.  :         -0.353      B 1                                                     
 11   IC 1871    2 58.4 +60 17  106.2  +2.6 +60 624     11.20  10.  : d:K3    -0.161   c  B 3    1.    1.   0.010   a        100    -28    +96   +4
 12   +31 597    3 19.2 +31 23  125.5 -19.5 +31 597      8.6    7.49  K2g      0.301   c  B 1    5.    2.   0.004   ac       250   -137   +192  -84
 13   +30 540    3 19.7 +30 35  126.1 -20.1 +30 540      9.1 :  9.0 :          0.314      B 1    4.    4.   0.005 : ac       200:  -111   +152  -69
 14   +58 607    3 21.6 +58 32  109.9  +2.8 +58 607      4.96   4.76  cAoe     0.975   c  B 1   30.   20.   0.0012  aclm     830   -282   +780  +41
 15   +29 565    3 22.2 +29 29  127.2 -21.1 +29 565      9.6    9.3   A5       0.483   c  B 3   11.    5.   0.003   a        330   -186   +245 -119
 16   NGC 1333   3 23.1 +31  2  126.5 -19.4 +30 549     10.9   10.8   B9p      0.364   C  B 2    9.    5.   0.0008  a       1200   -673   +910 -398
 17              3 24.6 +43 34  118.8  -9.2  Nova Per                                  E  B 6             v 0.009   achjk    110    -52    +95  -18
 18a  McD 34     3 32.7 +31 55  127.4 -17.3 +31 642?     3.82   3.94  B2              C+E C 2                                                     
 19a  IC 336     3 33. :+22   : 134.4 -24.8  Plei        1.2          B5, B8           c  C 2  120.   50.                                         
 19b  IC 341     3 36. :+21 30: 135.4 -24.7  Plei        1.2          B5, B8           c  C 2  135.   95.                                         
 18b             3 38.0 +31 58  128.4 -16.6 +31 642      3.82   3.94  B2       1.744      B 5  150.   90.   0.005   aceghlm  200   -119   +150  -57
 20   IC 348     3 38.3 +31 51  128.5 -16.7 +31 643      9.0    8.6 : B6, A1   0.124   C  B 1   10.   10.   0.004   acegn    250   -149   +188  -72
 21              3 38.4 +32  1  128.4 -16.6  Anon       11.3 : 11.            -0.108      B 3    6.    5.   0.003 : e        300:  -178   +225  -86
 19c             3 38.9 +23 59  134.1 -22.5 +23 505      5.27   5.43  B7n              c  B 2   16.   16.                                         
 19d             3 39.0 +23 48  134.3 -22.5 +23 507      3.61   3.81  B6ne     0.829   c  B 2   20.   16.                                         
 19e             3 39.3 +24 10  134.0 -22.3 +24 547      4.16   4.37  B8               c  B 2   21.   21.                                         
 19f NGC 1432    3 39.9 +24  4  134.2 -22.2 +23 516      3.82   4.02  B9s      1.026   c  B 2   30.   30.                                         
 19g             3 40. :+23 45: 134.5 -22.5  Plei        1.2          B5, B8   1.926   c  A 2  400.  300.   0.0085  acfghln  120    -78    +79  -46
 19h             3 40.0 +24 15  134.2 -22.1 +24 553      5.80:  5.85  B8       0.465   c  B 2   15.   15.                                         
 19i IC 349      3 40.3 +23 27  134.7 -22.7 +23 522      4.07   4.25  B7n              c  B 2    0.5   0.5                                        
 19j NGC 1435    3 40.4 +23 28  134.8 -22.8 +23 522      4.07   4.25  B7n      1.247   C  B 2   30.   30.                                         
 19k             3 40.7 +23 19  134.9 -23.0 +23 524      8.6 :  8.6 : A0       0.687   c  B 2    5.    5.                                         
 19l             3 41.5 +23 48  134.8 -22.1 +23 541      2.74   2.96  B5n      0.886   c  B 2   27.   27.                                         
 19m IC 1990     3 41.6 +24 19  134.5 -21.9  Plei        1.2          B5, B8           c  C 2                                                     
 19n NGC 1456    3 42.2 +22 15  136.0 -23.3  Plei        1.2          B5, B8           c  C 2                                                     
 19o             3 43.2 +23 45  135.0 -22.0 +23 557      3.75:  3.80  B8               c  B 1   11.   11.                                         
 19p             3 43.3 +23 51  134.9 -21.9 +23 558      5.13:  5.18  B8p              c  B 1                                                     
 22  IC 1995     3 44.3 +25 17  134.1 -20.7 +25 624      5.46:  5.38  A3               c  B 1               0.019   acgl      53    -34    +36  -18
 19q IC 354      3 47. :+23   : 136.3 -21.9  Plei        1.2          B5, B8           c  C 2                                                     
 23  NGC 1465    3 47.4 +32 12  129.8 -15.8  ?                                            B 3                                                     
 24  IC 353      3 47.5 +25 23  134.7 -20.0 +25 641      7.16:  7.16  A0               c  B 2               0.008   ac       120    -79    +80  -41
 25  NGC 1491    3 55.8 +51  2  118.4   0.0  Anon       11.3   11.0   B0       0.104   E  A 3    3.    3.   0.0003  an      3300  -1571  +2904    0 
 26  NGC 1499    3 56.9 +36  8  128.5 -11.0 +35 775      3.84   4.05  O7n      1.634   E  B 5  157.   54.   0.0025  acm      400   -245   +308  -76
 27  +27 633     4  0.5 +27 21  135.3 -16.8 +27 633      5.27:  5.27  A0p              c  B 1               0.012   ac        83    -56    +56  -24
 28  NGC 1514    4  3.0 +30 23  133.6 -14.5 +30 623      9.7    9.0   O7       0.167   E  B 6    4.    3.   0.0006  acl     1700  -1136  +1192 -425
 29  IC 360      4  8. :+25 40  137.8 -16.6  ?                                            C 2                                                     
 30  IC 359a     4 12.8 +27 59  136.9 -14.7  Anon       13.5   12.5 : K8d     -0.699   C  B 1    1.    1.   0.008   af       120    -85    +79  -30
 31  +28 645     4 15.7 +28 13  137.2 -13.6 +28 645      9.5 :  9.5 :          0.378      B 3    5.5   4.5  0.003   af       330   -232   +218  -78 
 32a NGC 1554    4 15.9 +19 17  144.2 -19.6 +19 706?         v      v Gpe              c  B 3             v                                       
 32b NGC 1555    4 16.1 +19 17  144.2 -19.6 +19 706          v      v Gpe              c  B 3             v 0.001   a       1000   -764   +551 -336
 32c T Tauri     4 16.2 +19 18  144.2 -19.6 +19 706          v      v Gpe              c  B 1             v                                       
 33              4 21.0 +25 51  139.7 -14.4  ?                                         C  B 1    8.    6.                                         
 34  +22 699     4 21.3 +22 46  162.1 -16.4 +22 699      5.20   5.41  B5       0.612   c  B 3    8.    0.5  0.0045  acl      220   -201   +647  -62
 35  NGC 1579    4 23.7 +35  4  133.3  -7.8  Cl          8.9 :                 0.653   C  A 3   12.    8.   0.0005: n       2000: -1360  +1442 -272
 36              4 23.8 +35 16  133.0  -7.6  Anon       10.0 :                 0.022      B 1    2.    2.   0.001 : a       1000:  -676   +724 -132
 37  NGC 1624    4 32.8 +50 15  123.1  +3.5  Anon       12.0   12.  : Oe5      0.025   E  A 1    3.5   3.5  0.0003: an      3000: -1635  +2508 +183
 38  IC 2087     4 33.9 +25 32  141.0 -12.4  ?                                         C  B 3   28.   19.                                         
 39  IC 2088     4 37. :+27   : 141.2 -11.0  ?                                            C 2                                                     
 40  NGC 1788    5  1.9 - 3 29  171.2 -23.2  -3 1013    10.2   10.1   B9       0.889   C  B 2    8.    5.5  0.001   a       1000   -908   +141 -394
 41a IC 2118a    5  2. :- 7 22  175.0 -25.0 - 8 1063     0.15   0.34  cB8      2.195   C  B 5  149.   63.   0.007   acghl    140   -126    +11  -59
 41b IC 2118b    5  2. :- 7 22  175.0 -25.0 - 8 1063     0.15   0.34  cB8      2.315   C  B 5                                                     
 42  IC 405      5  9.7 +34 12  139.9  -1.1 +34 980      5.71   5.81  O9ss     0.973   E  B 3   30.   19.   0.0012  acm      830   -635    +53  -16
 43  IC 410      5 16.0 +33 25  141.2  -0.3  Cl          7.3 :        B8, A    0.792   c  A 1   23.   20.   0.0015  acn      670   -522   +420   -3
 44  +8 933      5 16.4 + 8 20  162.5 -14.2 + 8 933      5.44   5.71  B2       1.028   c  B 3   39.   30.   0.0025  aclm     400   -370   +117  -98
 45  +6  919     5 19.8 + 6 16  164.5 -14.3 + 6 919      1.34   1.70  B2s      1.136   c  B 1   40.   40.   0.011   ach       90    -84    +26  -22
 46  IC 417a     5 21.5 +34 22  141.0  +1.0  Cl          8.3 :                 0.559      A 2   13.   10.   0.0012  acln     830   -645   +522  +15
 47  +12 801     5 23.2 +12 29  160.1 -10.5 +12 801      7.31   6.81  F8       0.678   E  B 3    8.    8.   0.05    ac        20    -18     +7   -4
 48  IC 419      5 24.6 +30  4  145.1  -0.7  ?                                            C 1                                                     
 49  NGC 1931    5 24.8 +34 10  141.5  +1.5  Cl          9.7 :                 0.024      A 3    3.    3.   0.0004: n       2500: -1958  +1555 +650
 50              5 25.6 +30 22  144.8  -0.5  Nova Aur                                  e  B 6             v 0.001   ac      1000   -817   +576   -9
 51  +11 836     5 25.9 +12  5  160.4 -10.2 +11 836      9.0 :  8.9 :                  E  B 3                                                     
 52  IC 423      5 28.3 - 0 41  171.8 -16.1  ?                                            C 1    6.    3.5                                        
 53  NGC 1952    5 28.5 +21 57  152.2  -4.5  Anon       15.2                   0.351   E  B 6    6.    4.5  0.0008  akl     1200  -1058   +558  -94
 54              5 29.6 + 9 52  162.8 -10.5 + 9 879      3.16   3.49  O8       1.136   e  B 1   30.   30.   0.0020  acghlmn  500   -470   +146  -91
 55a -5 1305     5 29.9 - 5 38  176.7 -18.1 - 5 1305     8.4 :  8.4 : B9               c  B 1               0.0031  acfghmn  320   -304    +18 -100
 55b NGC 1973    5 30.1 - 4 48  176.0 -17.7 - 4 1179     7.9 :  8.0 : B5               c  B 1                                                     
 55c NGC 1975    5 30.3 - 4 45  175.7 -17.7  Anon              10.9                       B 1                                                     
 55d NGC 1976    5 30.4 - 5 27  176.6 -18.0  Cl          4.8          O7, B0   1.396   E  A 1   66.   60.                                         
 55e NGC 1977    5 30.5 - 4 54  176.2 -17.5 - 4 1185     4.37   4.65  B1       1.150  C+E B 2   42.   26.                                         
 55f NGC 1980    5 30.5 - 5 58  177.1 -18.1  Cl          3.0          O8, B    0.729   e  A 1   14.   14.                                         
 55g NGC 1982    5 30.6 - 5 20  176.6 -17.5 - 5 1325     9.1 :  9.1 : O7, B8          C+E B 2                                                     
 56  IC 425      5 31. :+32 22  144.6  +1.2  ?                                            C 1   30.   20.                                         
 55h NGC 1990    5 31.1 - 1 16  173.8 -15.9 - 1 969      1.45   1.75  B0       1.237   e  B 1   50.   50.                                         
 57  NGC 1985    5 31.3 +31 56  144.2  +1.5  Anon              13.3                       B 3    0.7   0.7  0.0004:         2500: -2028  +1462  +65
 55i NGC 1999    5 31.6 - 6 47  178.1 -18.2 - 6 1253     9.5 :  9.5 :          0.748      B 3   16.   12.                                         
 55j IC 426      5 31.7 - 0 18  172.1 -15.1 - 0 1018     9.3 :  9.3 : B9       0.452   c  B 3    5.    5.                                         
 55k IC 430      5 33.7 - 7  8  176.7 -16.9 - 7 1142     4.96:  4.88  A3       0.840   c  B 3   11.   11.                                         
 55l IC 431      5 35.2 - 1 31  173.6 -15.0 - 1 1001     7.6    7.8   B5       0.326   c  B 1    5.    3.                                         
 55m IC 432      5 35.9 - 1 33  173.7 -14.8 - 1 1005     6.9    7.1   B5       0.451   c  B 1    8.    4.                                         
 55n IC 434      5 36.0 - 2 28  174.6 -15.3 - 2 1338     1.58   1.91  B0n, B3n        C+E B 4   60.   10.                                         
 55o NGC 2023    5 36.6 - 2 17  174.5 -14.9 - 2 1345     7.9    7.8   B2       0.744  C+E B 2   10.   10.                                         
 55p NGC 2024    5 36.8 - 1 54  174.1 -14.9 - 2 1338     1.58   1.91  B0n, B3n 1.430   E  B 5   31.   31.                                         
 55q IC 435      5 37.9 - 2 22  174.8 -15.1 - 2 1350     8.2    8.2   B8       0.514   C  B 1    4.5   3.                                         
 58  NGC 2045    5 39.4 +12 51  161.3  -6.5 +12 884      6.68:  6.60  A3               c  B 1               0.008   a        120   -113    +38  -14
 59              5 39.9 + 9  2  164.9  -8.8  FU Ori          v      v cF5             C+E B 3             v                                       
 55r Orion loop  5 40. :+ 2   : 171.0 -12.2 - 2 1338     1.58   1.91  B0n, B3n 1.820   c  B 5                                                     
 55s NGC 2064    5 41.2 - 0  3  172.9 -13.0 - 0 1077     9.1 :  9.9 :          0.603      B 3   11.5   2.                                         
 55t NGC 2067    5 41.4 + 0  4  172.9 -13.0 + 0 1177    10.8   10.3   B8       0.236   c  B 4    7.5   3.                                         
 55u NGC 2068    5 41.6 + 0  1  173.0 -13.0 + 0 1177    10.8   10.3   B8       0.502   C  B 2    8.    6.                                         
 55v NGC 2071    5 42.0 + 0 16  173.0 -13.0 + 0 1181    10.8   10.4   B9       0.150   C  B 2    4.5   3.5                                        
 60  IC 439      5 50.1 +32  1  146.2  +5.0  ?                                            C 2   60.   10.                                         
 61  +30 1096    5 58.1 +30 30  148.0  +5.0 +30 1096    10.0 : 10.5 :          0.200      B 1    3.    3.   0.0008: a       1200: -1014   +634  +10
 62              6  1.8 +18 42  159.2  +0.7  Anon       13.2   13.  : B1       0.176   C  B 3    2.    1.                                         
 63  NGC 2170    6  2.7 - 6 23  181.4 -11.1 - 6 1415    11.0   10.2   B1       0.088   c  B 1    1.    0.6  0.0005  a       2000  -1964    -48 -384
 64  McD 43      6  3. :+15 49  161.7  -0.5 +15 1079     8.3    8.5   B                E  B 5               0.001 : a       1000:  -949   +314   -9
 65  -6 1417     6  3.2 - 6 13  181.2 -11.0 - 6 1417    10.2    9.9   B8       0.403   c  B 1    6.    6.   0.007   a        140   -137     -3  -27
 66  -6 1418     6  3.2 - 6 21  181.4 -11.1 - 6 1418     9.9    9.1   B8       0.088   c  B 1    3.    3.   0.002   a        500   -490    -12  -96
 67a NGC 2175    6  3.7 +20 30  158.0  +2.0 +20 1284     7.20   7.40  O6       0.845   E  B 2   29.   25.   0.0010  aclmn   1000   -926   +335  +35
 67b IC 2159     6  3.9 +20 26  157.8  +2.0 +20 1284     7.20   7.40  O6               e                                                          
 68  NGC 2182    6  4.6 - 6 19  181.5 -10.7 - 6 1431     9.0    9.1   B6       0.150   c  B 1    3.    3.   0.001 : a       1000:  -983    -26 -186
 67c +20 1293    6  4.9 +20 38  157.8  +2.3 +20 1293     9.3 : 10.2 : B5       0.194   c  B 1    4.    4.                                         
 69  NGC 2183    6  5.9 - 6 11  181.5 -10.4  Anon       14.0   13.5 : B6      -0.452   C  B 1    1.    1.   0.0003: a       3300: -3247    -86 -594
 70  NGC 2185    6  6.2 - 6 11  181.5 -10.4  Anon       12.9   12.5 : B6      -0.037   C  B 1    2.5   2.5  0.0003: a       3300: -3247    -86 -594
 71  -6 1444     6  6.9 - 6  8  182.4 -10.1  -6 1444    10.8   10.7   B6      -0.452   c  B 1    1.    1.   0.0006: a       1700: -1673    -70 -298
 72  IC2162      6  7.4 +18  0  160.3  +1.4  Anon       10.2 : 10.  :         -0.167      B 3    1.    1.   0.0007: a       1400: -1319   +472  +34
 73  IC 443      6 11.9 +22 49  156.3  +3.9  ?                                            C 1   27.5   4.5                                        
 74  IC 444      6 14.4 +23 20  156.5  +5.5  +23 1301    7.19   7.03  B9       0.468   c  B 2    5.5   5.   0.004 : aclmn    250:  -228    +99  +24
 75              6 17.5 + 5 11  173.0  -2.4  + 5 1214    8.3 :  8.3 : B9       0.014   c  B 2    3.    2.   0.002 : an       500:  -496    +61  -21
 76a NGC 2238    6 25.3 + 5  7  173.8  -1.0  Anon       14.5 : 14.  :                     B 2                                                     
 77  IC 446      6 25.4 +10 31  168.9  +1.7  Anon       11.8   10.5   B1       0.104   C  B 2    5.    5.   0.0004  a       2500  -2452   +480  +75
 78  IC 2169     6 25.7 +10  5  169.5  +1.5  cl          7.7          B8       0.664   C  A 1   22.5  17.   0.002 : an       500:  -492    +91  +13
 76b NGC 2244    6 27. :+ 5   : 174.2  -0.5  cl          5.3          O6,O8,B0 1.246   E  A 3   64.   61.   0.0009  aclmn   1100  -1094   +111  -10 
 79  IC 448      6 27. :+ 7 29  171.8  +0.9  + 7 1337    4.30   4.50  cA0      0.680   C  B 3               0.002   achl     500   -495    +72   +8
 80  NGC 2245    6 27.2 +10 14  169.5  +1.8  Anon       11.2   10.8   B1p      0.177   C  B 3    5.    3.   0.0003  a       3000  -2949   +546  +93
 81  NGC 2247    6 27.6 +10 24  169.4  +2.1  +10 1172    9.2    8.5   B5p      0.398   C  B 2    4.    3.   0.003   ac       330   -324    +60  +12 
 82  McD 52      6 32.0 + 6 13  173.6  +1.1  + 6 1309    5.88   6.06  O8e              E                    0.015   acl      670   -666    +75  +13
 83  NGC 2261    6 33.7 + 8 49  171.6  +2.8  + 8 1427        v      v Bp              C+E B 3             v 0.0005  ahj     2000  -1976   +292  +98
 84a McD 42      6 34.9 + 8 15  172.3  +2.6  +10 1220    4.30   4.68  O7s              E  B 5                                                     
 84b NGC 2264    6 35.5 + 9 59  170.7  +3.8  cl          4.4          O7s, B   1.217   E  A 1   60.   30.   0.0027  aceghlmn 370   -364    +60  +24 
 85  McD 55      6 36.6 + 6 27  173.8  +2.3  + 6 1351    5.93   6.20  O7               E  B 1               0.0020  acl      500   -497    +54  +20
 84c McD 37      6 40.0 + 9 53  171.2  +4.6  +10 1220    4.30   4.68  O7s              E  B 5                                                     
 86  NGC 2283    6 41.5 -18  6  196.3  -7.9  Anon       12.  : 12.  :                     B 1               0.0004: a       2500: -2375   -695 -342
 87  NGC 2282    6 41.7 + 1 26  179.0  +1.1  + 1 1503   10.1    9.7   B5       0.213   c  B 1    3.    3.   0.0009  a       1100  -1100    +20  +21
 88  IC 454      6 45.6 +13  2  169.2  +7.4  ?                                                                                                    
 89a McD 56      6 59.0 -11 24  192.3  -1.2  -10 1848    7.3    7.1   B0p              E  B 5                                                     
 89b NGC 2327    6 59.4 -11 10  192.1  -1.1  Anon       10.2   10.  :          0.020:     B 3                                                     
 89c IC 2177     7  0.4 -10 33  191.6  -0.5  -10 1848    7.3    7.1   B0p      0.803   E  B 3   16.5  16.5  0.0018  aclm     560   -549   -112   -5
 90  -12 1771    7  0.6 -12 11  193.2  -1.2  -12 1771    8.1    8.5   B1       0.343   C  B 2   10.5  10.5  0.0005  a       2000  -1948   -456  -42
 91  McD 57      7  0.8 - 8 34  189.9  +0.5  - 8 1734    7.6 :  7.7 : O8               E                    0.0006  a       1700  -1674   -292  +15
 89d McD 45      7  1.1 -10 30  191.7  -0.4  -10 1892    5.98   6.20  O7s              E                                                          
 92  IC 466      7  3.7 - 4 10  186.6  +3.3  Anon       11.  : 11.5 :                     B 1               0.0006: a       1700: -1685   -196  +99
 89e McD 46      7  4.6 -10 11  191.9  +0.6  -10 1892    5.98   6.20  O7s              E                                                          
 93              7  5.0 -18 19  199.1  -3.3  Anon       10.6   10.5 :          0.351   E  A 3    8.    7.   0.0008: an      1200: -1134   -392  -70
 94a IC 468      7 12.7 -12 59  195.3  +1.0  Anon       10.5 : 11.0   Od               E  B 3                                                     
 94b NGC 2359    7 12.9 -13  2  195.3  +1.0  Anon       10.5 : 11.0   Od       0.493   E  B 3    8.    6.                                         
 95  McD 44      7 14.5 -24 47  205.8  -4.3  -24 5176    4.02   4.40  O9               E  B 5               0.0012  acl      830   -744   -360  -62
 96a -23 5277    7 15.4 -23 51  205.1  -3.8  -23 5277    9.2    9.  : B9       0.310   c  B 1    5.5   3.   0.001   a       1000   -904   -423  -66
 96b -23 5285    7 15.6 -23 53  205.1  -3.6  -23 5285    8.2 :  9.3 : A0       0.261   c  B 1    5.    3.                                         
 96c -23 5296    7 15.9 -23 55  205.1  -3.6  -23 5296    9.0    9.  : B1       0.310   c  B 1    5.5   3.                                         
 97  McD 48      7 16.5 - 8 41  192.0  +3.8  ?                                         E                                                          
 98  McD 62      7 20.1 -29  6  210.2  -5.5  -29 4328    2.31:  2.43  B5p              E                    0.003   acl      330   -284   -165  -32 
 99  McD 50      7 20.2 -16  0  198.8  +1.0  -15 1810    4.99   5.20  B3e              E                    0.004   acl      250   -237    -80   -4
100  -22 1897    7 25.6 -22 49  204.5  -1.2  -22 1897    4.88:  4.80  A3       0.506   c  B 1   10.    7.   0.013   achl      80    -73    -33   -2
101  -25 4775    7 32.3 -25  6  208.0  -1.0  -25 4775    6.9 :  6.80  B5       0.586   c  B 1   15.   15.   0.002   ac       500   -442   -235   -9
102  McD 63      7 39.8 -28 43  212.1  -1.4  -28 4774    4.16:  4.10  A2p              E  B 1               0.009   acl      110    -93    -58   -3 
103  NGC 2467    7 48.3 -26  8  210.8  +1.5  -26 2115    8.9 :  8.5 : B        0.55 :     A 2    4.5   4.5  0.001   an      1000   -859   -512  +26
104  McD 53      8  6.5 -47  3  230.3  -7.0  -46 3847    2.0    2.22  O9               E                    0.005   ac       200   -127   -153  -24 
105  NGC 2568    8 14.5 -36 49  222.8  +0.2  Anon                                         B 1                                                     
106a             8 25.7 -43 50  229.7  -2.5  -43 4337    5.7 :  5.94  B3       1.06 :  c  B 2   33.    7.   0.004   acfhn    250   -162   -100  -11
106b             8 25.9 -47 36  232.7  -4.7  -47 4004    5.7 :  5.52  B5               c  B 2                                                     
106c             8 26.0 -44 23  230.2  -2.7  -44 4462    5.06   6.66  B5       0.93 :  c  B 2   27.   21.                                         
106d             8 26.1 -41 11  227.5  -0.5  -41 4189    8.2 :  7.9 : B9       0.76 :  c  B 2   14.5  12.                                         
106e             8 26.3 -43 46  229.7  -2.5  -43 4343    7.8 :  8.6 : B8               c  B 2                                                     
106f             8 28.0 -47 32  232.8  -4.3  -47 4048    6.8 :  6.50  B5               c  B 2                                                     
106g             8 30. :-44   : 230.3  -1.9  ?                                         E  C 1                                                     
106h NGC 2626    8 31.9 -40 18  227.5  +1.0  -40 4427    9.4 :  9.4 :                  c  B 2                                                     
106i             8 34.8 -42 43  229.8  +0.4  -42 4451    4.27   4.13  A5       0.82 :  c  B 2   18.   18.                                         
106j             8 37.3 -46 18  233.0  -2.4  -46 4438    4.48   4.06  F5p      0.68 :  c  B 2   11.5  11.5                                        
106k             8 37.9 -46 57  233.4  -2.7  -46 4448    5.2 :  4.85  A3               c  B 2                                                     
106l             8 38.5 -45  3  232.0  -1.3  -44 4704    5.2 :  5.23  B5       0.82 :  c  B 2   18.   18.                                         
106m IC 2395     8 40.0 -47 49  234.4  -2.9  Cl          4.6          B3, B8              A 1                                                     
106n             8 41.0 -40 55  229.9  +1.1  -40 4569    7.7 :  7.1 : B5       0.79 :  c  B 2   16.   16.                                         
106o             8 42.6 -45 40  233.3  -1.2  -45 4517    4.09   4.09  A0       0.89 :  c  B 2   22.   22.                                         
107  NGC 3199   10 13.2 -57 28  251.3  -0.9  Anon                                      c  B 3                                                     
108  NGC 3324   10 33.6 -58  6  253.8   0.0  -57 3584    7.7 :  8.39  Oe5      0.73 :  e  B 2   15.5  14.   0.0003  acn     3000   -837  -2880    0
109a NGC 3372   10 41.2 -59  8  255.3  -0.5  Cl          5.0 :        O, B     1.64 :  E  A 3  120.  120.1  0.0009  acfgn   1100   -279  -1064  -10 
109b NGC 3503   10 57.2 -60 11  257.5  -0.6  Cl          5.0 :        O, B             e  C 2                                                     
110             11  3. :-76 48  264.4 -15.8  Anon       12.  : 12.  :                     B 1               0.0004: a       2500:  -235  -2392 -680
111  -76 654    11  5.2 -77  7  264.5 -16.0  -76 654     9.0 :  9.0 : A0               c  B 1               0.0016: a        600:   -55   -574 -166
112  -75 714    11  6.7 -76  4  264.7 -16.0  -75 714     9.2 :  9.2 : A0       0.30 :  c  B 1    2.    2.   0.0017: a        600:   -53   -574 -166
113a NGC 3576   11  7.6 -60 50  259.1  -1.0  -60 2631?   9.2    9.2   B4               c  A 2               0.0009: a       1100:  -208  -1080  -20
113b NGC 3579   11  7.6 -60 41  259.0  -0.7  -60 2626?   9.8   10.  : B5               c  A 2                                                     
113c NGC 3581   11  7.7 -60 46  259.0  -0.8  Anon       12.  : 12.  :                     A 2                                                     
113d NGC 3582   11  7.9 -60 44  259.0  -0.7  -60 2643?   9.3 :  9.2 : B5               c  A 2                                                     
113e NGC 3584   11  8.0 -60 40  259.0  -0.7  ?                                            A 2                                                     
113f NGC 3586   11  8.2 -60 49  259.0  -0.8  ?                                            A 2                                                     
114  NGC 3699   11 23.4 -59 24  260.3  +1.1  ?                                            C 1                                                     
115  IC 2872    11 23.9 -62 26  261.4  -1.8  ?                                            C 1    5.    2.                                         
116  -61 2350   11 24.4 -62  6  261.2  -1.3  -61 2350    8.6 :  8.8 : B5       0.80 :  c  B 2   15.5  10.5  0.001 : a       1000:  -153   -988  -23
117  -63 1904   11 25.9 -63 16  261.7  -2.4  -63 1904    7.8 :  8.0 : B0       0.64 :  e  B 1    8.    8.   0.0007: a       1400:  -200  -1385  -59
118  IC 2944    11 31.2 -62 28  262.2  -1.5   62 2127    3.32   3.34  B9       1.40 :  c  B 2   66.   36.   0.017   acn              -8    -59   -2
119  -60 3142   11 31.7 -60 43  261.8  +0.2  -60 3142   10.9   11.  : B4       0.82 :  c  B 1    0.3   0.3  0.0005: a       2000:  -286  -1980   +8 
120  NGC 3882   11 41.2 -55 49  261.8  +5.2  -55 4616    9.0 :  8.2 : A0               c  B 1               0.0025: a        400:   -57   -394  +36
121  IC 2966    11 45.5 -64 20  264.1  -2.9: ?                                            C 1    0.5   0.5                                        
122             13 18.0 -63 30  274.2  -1.8  -62 2745    0.83   1.05  B1       2.15 :  c  B 5  150.  150.   0.015   ach       67     +5    -67   -2
123  NGC 5189   13 26.4 -65 27  274.9  -3.8  Anon       10.0 : 10.  :         -0.20 :  E  B 6    3.    2.   0.001 : al      1000:   +85   -994  -66
124             15 32.6 -29 27  309.5 +18.9  -29 11837   3.63   3.80  B3               c  B 1               0.008   ac       120:   +72    -88  +39
125a            15 45.0 -25 27  314.1 +20.5  -25 11131   4.60:  4.77  B3       1.161   c  B 3   67.   37.   0.0067  acgmhn   150    +79   -116  +52
125b            15 47.6 -25  2  305.0 +20.3  -24 12352   4.49:  4.66  B3       0.970   c  B 3   34.   28.                                         
125c            15 47.9 -24 15  315.5 +21.0  -24 12354   5.8 :  5.44  B5       1.113   c  B 3   47.   10.                                         
126             15 50.7 -28 55  312.7 +17.0  -28 11714   3.85:  4.05  B3               e  B 1               0.0065  ac       150    +97   -100  +44
125d            15 52.8 -25 50  315.1 +19.0  -25 11228   2.64   3.00  B3n      1.641   C  A 2                                                     
125e            15 54.4 -22 20  318.1 +21.3  -22  4068   2.22   2.54  B1n              c  A 2                                                     
127  IC 4591    16  6.1 -27 40  316.0 +15.5  -27 10841   4.53:  4.70  B3       0.946   c  B 1   23.   15.   0.008   ac       120    +83    -80  +32
128  IC 4592    16  6.2 -19 12  322.5 +21.4  -19  4333   3.98   4.16  B3n      1.665   C  B 2  195.   95.   0.0064  acgm     160   +118    -45  +58
129a -19 4357   16 13.2 -19 59  323.0 +19.6  -19  4357   7.6 :  6.2   G5       0.80 :  c  B 1   15.   15.   0.005   ach      200   +151   -113  +67
129b IC 4601a   16 14.2 -19 48  323.5 +19.5  -19  4358/9 7.1    7.0   B9, A0p  0.765   C  B 1   22.   15.                                         
129c IC 4601b   16 14.7 -19 53  323.5 +19.3  -19  4361   7.1    7.10  B8, A0   0.765   C  B 1   22.   15.                                         
130             16 15.1 -25 21  319.3 +15.7  -25 11485   2.93   3.0   B1       1.819   c  B 2  130.   80.   0.006   acm      170   +124   -107  +46
131a IC 4603    16 19.4 -24 14  320.7 +15.8  -24 12684   8.3 :  8.0 : B3       0.900   C  B 2                                                     
131b IC 4604    16 19.6 -23 13  321.6 +16.2  -23 12861   4.70   4.76  B2, B3   1.451   C  B 2  124.  124.   0.0061  aceghm   160   +120    -95  +45
132             16 23.3 -26 13  319.8 +13.8  -26 11359   2.57:  1.22  Ma, A3   1.505   c  B 3  126.   78.   0.008   acfhn    120    +89    -75  +28
133  IC 4605    16 23.9 -24 56  320.9 +14.4  -24 12695   4.55   4.87  B3       1.372   C  B 2               0.006   ac       170   +128   -104  +42
134  IC 4606    16 25. :-25 50  320.4 +13.8  ?                                         c  C 2                                                     
135a NGC 6164   16 26.3 -47 53  304.1  -1.2  -47 10855   6.7 :  6.89  B0               e  B 1               0.0015  ac       670   +375   -555  -18
135b NGC 6165   16 26.6 -47 56  304.0  -1.4  -47 10855   6.7 :  6.89  B0               e  B 1                                                     
136a NGC 6188   16 32.2 -48 49  303.0  -2.6  ?                                            C 2                                                     
136b NGC 6193   16 33.8 -48 34  304.5  -2.6  -48 11070   5.0    5.35  Oe5      1.60 :  e  B 1   19.   12.   0.0012  acgn     830   +469   -683  -37
137a McD 68     16 45.3 -41 41  310.8  +0.3  Group                                     E  C 2               0.0025  ac       400   +262   -303   +2
137b IC 4628    16 45.9 -40 18  312.6  +0.4  ?                                         E  C 1   34.   16.                                         
138  McD 70     16 57.2 -37 42  315.5  +0.8  -37 11206   6.7 :  6.73  Od               E                    0.0008: a       1200:  +856   -841  +17
139  NGC 6302   17  7.0 -36 59  316.3  -1.0  -36 11341  10.2 : 10.  : Neb      0.025   E  B 6    2.    1.   0.0003: l       3000: +2169  -2073  -52
140  NGC 6334   17 13.7 -35 58  318.8  -0.8  -35 11457   8.9 :  8.0 : A0               c  B 1               0.0026: a        380:  +286   -250   -5
141  NGC 6335   17 14.2 -30  3  323.8  +2.6  ?                                            C 1                                                     
142  NGC 6357   17 18.1 -34  6  320.9  +0.3  -34 11671  10.0   10.  :          0.174   E  B 1    4.    0.5  0.001 : a       1000:  +776   -632   +5
143  NGC 6360   17 19.0 -29 54  324.4  +1.7  ?                                            C 2                                                     
144  IC 1257    17 21.8 - 7  0  344.3 +13.6  ?                                            C 1                                                     
145             17 26.8 -37  2  319.5  -3.6  -37 11673   1.52:  1.71  B2       0.530   c  B 1   10.   10.   0.009   ac       110    +83    -71   -7
146  IC 4657    17 26.9 -17 27  335.9  +7.1  ?                                            C 2                                                     
147  McD 69     17 28.1 -32 31  323.3  +1.3  -32 12935   5.56   5.71  O8               E  B 1               0.0018  ac       560   +449   -335  -13
148  IC 4659    17 28.4 -17 52  335.6  +6.8  ?                                            C 1                                                     
149  NGC 6401   17 32.5 -23 51  331.3  +2.5  Anon       12.5 : 12.8 :                     B 1    1.5   1.5                                        
150             17 38.0 -33 42  323.4  -3.8  ?                                            A 2    7.    5.                                         
151  NGC 6514   17 56.6 -23  2  334.8  -1.8  -23 13804   6.95   6.91  O7       0.912   E  A 3   29.   27.   0.0015  aclmn    670   +600   -285  -21
152a NGC 6523   17 57.6 -24 23  333.7  -2.7  Cl          5.4          O5, B0   0.931   E  A 3   90.   40.   0.0013  acmn     770   +689   -340  -36
152b IC 4678    18  1.9 -23 53  334.6  -3.3  -23 13906  10.4   10.2   B6       0.362   c  B 1    4.5   1.                                         
153  IC 4683    18  2. :-26 15  332.6  -4.4  ?                                            C 2                                                     
154a IC 4681    18  2.2 -23 27  335.0  -3.1  -23 13954   9.64   9.55  B9               c  B 1               0.0012  acn      800   +723   -338  -43
154b IC 4684    18  3.0 -23 27  335.0  -3.4  -23 13974   9.78   9.64  B9               c  B 1                                                     
154c IC 4685    18  3.2 -24  1  334.6  -3.5  -24 13962   7.38   7.20  B0               c  B 1                                                     
154d IC 1274    18  3.7 -23 41  334.9  -3.6  -23 13997   9.08   9.10  B1       0.431   c  B 1    9.    7.5                                        
154e IC 1275    18  3.7 -23 51  334.8  -3.6  -23 14005   7.64   7.38  B5       0.648   c  B 1    9.5   6.                                         
154f NGC 6559   18  3.8 -24  8  334.6  -3.7  -24 13984   9.93   9.78  B1       0.148   E  B 2    8.    5.                                         
155             18  4.5 +45 50   40.3 +25.6  Nova Her                                     B 6             v 0.002   ajm      500   +344   +292 +216
156  McD 77     18  9.3 -20 46  338.1  -3.1  -20  5054   5.22   5.42  O7               E  C 2               0.0018  aclm     560   +518   -208  -30
157a NGC 6589   18 10.4 -19 49  339.2  -3.1  -19  4940   9.55   9.50  B5       0.191   c  B 1    5.    3.5                                        
158  IC 4701    18 11. :-16 45  341.9  -1.7  Star cloud                                   A 1                                                     
157b NGC 6590   18 11.1 -19 55  339.0  -3.2  -19  4946  10.5   10.15  B6, B8   0.234   c  B 2    3.5   2.                                         
157c IC 1283    18 11.4 -19 46  339.2  -3.1  -19  4948   8.75   8.80  B5       0.128   c  B 1    4.    2.                                         
157d IC 1284    18 11.7 -19 42  339.3  -3.3  -19  4953   7.56   7.49  B5       0.611   c  A 1   16.5  15.   0.0015  aclm     670   +625   -236  -39
159  NGC 6611   18 13.2 -13 49  344.7  -0.6  Cl          7.3          Oe5      0.690   E  A 3   35.   28.   0.0007  an      1400  +1351   -370  -14
160a IC 4706    18 13.9 -16  3  342.8  -1.9  -16  4811  10.0 :  9.7 : F2       0.333   c  B 2    6.5   4.   0.0035  a        290   +277    -86  -10 
160b IC 4707    18 14.4 -16  3  342.8  -1.9  -16  4812   9.9 :  9.8 : B5       0.333   c  B 2    6.5   4.                                         
161  NGC 6618   18 15.0 -16 13  342.8  -2.2  Cl          7.7 :        B0, B    1.071   E  A 3   46.   37.   0.0010  an      1000   +954   -295  -38
162  IC 4715    18 20. :-18 29  341.3  -4.4  Star cloud                                   A 3                                                     
163  IC 1287    18 25.9 -10 52  348.8  -2.1  -10  4713   5.74   5.80  B3       1.011   C  A 3   44.   34.   0.0042  aceln    240   +235    -46   -9
164             18 43.8 + 0 28    0.9  -0.6  Nova Aql                                     B 6             v 0.003   acj      330   +330     +6   -3
165a IC 4812    18 54.3 -37 12  327.3 -19.4  -37 13017/8 6.0 :  5.97  B8               c  B 1               0.0065  ace      150   +119    -76  -49
165b NGC 6726/7 18 54.9 -37  2  327.5 -19.2  -37 13023/4 7.1    7.1   B9       0.580   C  B 1                                                     
165c NGC 6729   18 55.2 -37  5  327.4 -19.2  R Cor Austr     v      v Gpe      0.000  C+E B 2             v                                       
166             19  2.7 + 4 11    6.4  -3.1  Anon       11.5 : 11.5 :                     B 1    1.    1.                                         
167  +22 3693   19 21.9 +22 33   24.7  +2.0  +22  3693   8.5 :  8.4 : A2       0.264   c  B 1    6.5   4.5  0.003 : a        300:  +272   +125  +10
168  +17 3986   19 26.0 +17 59   21.2  -1.2  +17  3986  10.1 : 10.2 : O        0.249   e  B 1    6.5   6.5                                        
169  IC 1305    19 34.9 +19 59   24.0  -2.1  Anon       11.6 : 11.  :          0.110      B 1    2.    0.5                                        
170  NGC 6820   19 38.2 +22 51   26.8  -1.3  Cl         13.  : 13.3 :         -0.718:     B 3    0.5   0.5:                                       
171  IC 1307    19 38.7 +27 16   30.8  +0.8  ?                                            C 1                                                     
172  McD 14     19 54.6 +29 40   33.8  -0.9  ?                                            C 2                                                     
173  +34 3828   19 56.2 +35  0   39.2  +1.9  +34  3828   9.5 :  9.5 :          0.751      B 1   15.5   8.5                                        
174  McD 13     19 56.2 +36 46   40.8  +2.9  ?                                         E                                                          
175a IC 4954,5a 20  0.7 +28 58   34.8  -2.3  Anon       13.7   13.3   B6      -0.398   c  B 1    1.    1.   0.0007  a       1400  +1148   +798  -56
175b IC 4954,5b 20  0.7 +28 58   34.8  -2.3  Anon       12.2   11.8   B6      -0.222   c  B 1    1.    1.                                         
175c IC 4954,5c 20  0.7 +28 58   34.8  -2.3  Anon       14.4   14.1   A3      -0.699   c  B 1    0.5   0.5                                        
176a McD 11     20  5.3 +39 30   44.0  +2.9  +39  4159   3.0 :  2.32  F8p              E  B 5                                                     
177  McD 12     20  5.7 +36 33   41.5  +1.3  +36  3907   4.52   4.82  B2p              E                    0.003   acl      330   +247   +219   +8
178  IC 1310    20  6.2 +34 40   40.1  +0.3  ?                                                                                                    
179  NGC 6888   21  8.8 +38  6   43.0  +1.6  +37  3821   6.7    7.44  O6       0.665   E  B 2   18.   12.   0.0011  aclm     910   +665   +621  +25
176b McD 10     21  9.0 +39 58   44.8  +2.6  +39  4159   3.0    2.32  F8p              E  B 5                                                     
176c IC 1318a   21 12.5 +41 30   46.3  +3.0  +39  4159   3.0    2.32  F8p      1.763   E  B 3   24.5  17.   0.004   achl     250   +173   +181  +13
176d NGC 6914a  21 20.8 +41 58   47.6  +2.1  +41  3731   9.2    9.3   B7       0.160   C  B 2    6.    6.                                         
176e NGC 6914b  21 21.3 +42  3   47.8  +1.9  +41  3737   8.9    9.0   B6       0.239   C  B 2    4.    4.                                         
176f IC 1318b   21 24.8 +39 37   46.0   0.0  +39  4159   3.0    2.32  F8p      1.577   E  B 3   10.   10.                                         
180  +36 4105   21 27.2 +36 36   44.2  -2.3  +36  4105   6.80:  6.30  F8p             C+E B 1               0.0012  acf      830   +549   +578  -33
181  +45 3216   21 30.6 +45 19   51.3  +2.8  +45  3216   8.2 :  8.8 :          0.705      B 3    9.    7.                                         
182a NGC 6960   21 41.5 +30 22   41.3  -8.6  ?                                         E  C 1   70.    6.   0.0025  fk       400   +297   +261  -60
183a IC 5067    21 44.3 +44  0   51.9  -0.1  +44  3541   1.8    1.33  A3P             c+e B 5               0.0041  acln     240   +148   +189    0 
183b IC 5068    21 46.3 +42 10   50.9  -1.6  +44  3541   1.8    1.33  A3P             c+e B 5   43.   20.                                         
183c IC 5070    21 47.4 +44  0   52.3  -0.5  +44  3541   1.8    1.33  A3P             c+e B 5   85.   75.                                         
184  +56 2495   21 47.7 +56 26   61.7  +7.6  +56  2495   6.96:  7.01  B8       0.416   c  B 1   10.   10.   0.0047  ac       210    +99   +183  +28
182b NGC 6992   21 52.2 +31 19   43.4  -9.6  ?                                         E  C 1   73.    8.                                         
185  IC 5076    21 52.5 +47  2   55.1  +0.8  +46  3111   5.62   5.76  cB8e     0.436   c  B 2    9.    6.   0.0016  acm      620   +355   +508   +9
182c NGC 6995   21 53.0 +30 50   43.1 -10.1  ?                                         E  C 1                                                     
183d NGC 7000   21 55.2 +43 56   53.0  +1.2  +44  3541   1.8    1.33  A3p      2.044  C+E B 5  120.   90.                                         
186  NGC 7008   21 57.6 +54 10   61.0  +5.0  Anon       12.  : 12.  :         -0.412   E  B 6   15.    1.                                         
187  NGC 7023   21  0.6 +67 46   71.1 +13.0  +67  1283   7.10   7.20  B5se     0.627   C  B 2   18.   18.   0.0035  ac       280    +88   +259  +63
188  IC 1363    22  7.1 +46 27   56.5  -1.4  +46  3214  10.  : 10.2 :                     B 3                                                     
189  IC 1369    22  8.7 +47 21   57.2  -1.0  Cl         12.  : 12.  :                     A 1    2.    2.   0.0003  an      3000  +1656  +2523  -54
190             22  9.3 +59 35   66.0  +7.7  +59  2334   5.53   5.65  O9s      1.303   e  B 2  100.   65.   0.0016  acgl     620   +250   +561  +83
191  +57 2309   22 14.6 +58 10   65.5  +6.1  +57  2309   6.38   6.41  B3e      0.803   c  B 1   15.5  13.   0.0019  aclm     530   +219   +475  +56
192  IC 1378    22 20.0 +55  1   63.9  +3.4  ?                                                                                                    
193  NGC 7088   22 28.2 - 1 10   21.7 -36.9  ?                                            C 2   75.   52.                                         
194  +67 1332   22 35.0 +67 44   74.0 +11.5  +67  1332   8.2    8.2   B7       0.514   c  B 1    8.    8.   0.003   ac       330    +89   +311  +66
195a IC 1396a   22 35.9 +57  0   66.9  +3.4  +56  2617   5.55   5.64  O6n      1.502   E  B 2  180.  180.   0.0021  acflm    480   +188   +441  +28
195b IC 1396b   22 39.3 +57 17   67.5  +3.3  +57  2374   6.90   6.98  Bonne    1.462   e  B 2  150.  150.                                         
196  NGC 7129   22 40.7 +65 39   72.8  +9.8  Anon       10.5   10.3   B6       0.000   c  B 2    7.5   7.   0.0009  an      1100   +321  +1035 +187
197  IC 1400    22 40.7 +52 29   64.6  -0.5  ?                                            C 2                                                     
198  IC 5146    22 49.6 +46 48   62.3  -6.0  +46  3474  10.4   10.0   B1       0.548   c  B 2   12.   12.   0.0006  an      1700   +785  +1496 -177
199  McD 19     22  8.1 +58 56   71.4  +2.5  +58  2402   5.13   5.19  O6n              E  B 1               0.0019  acnil    530   +168   +502  +23
200  McD 17     22  9.5 +54 49   69.4  -1.1  ?                                         E  C 2                                                     
201             22 11.1 +69 45   77.7 +11.3  +69  1231   9.  :  9.0 : A        0.82 :  C  B 2   11.5   5.5                                        
202  IC 1442    22 12.7 +53 33   69.1  -2.4  Cl                                           A 1                                                     
203  McD 16     22 13.3 +55 41   70.3  -0.6  ?                                         E  C 1   30.   20.                                         
204  McD 30     22 15.2 +62 43   74.2  +5.1  ?                                         E                                                          
205  McD 18     22 25.4 +57 54   72.7  +0.5  ?                                         E                                                          
206  NGC 7380   22 43.0 +57 21   74.8  -0.9  +57 2615,7  8.3          B0, A    0.59 :  E  B 2   18.   18.   0.0006  n       1700   +446  +1641  -27
207  McD 32     22 53.0 +62 12   77.9  +2.7  +61 2373    7.65   7.70  B0               E  C 2               0.0014  a        700   +146   +684  +33
208  IC 1470    23  1.0 +59 42   77.7   0.0  Anon       12.5 : 12.1 : 07      -0.327:  E  B 6   15.    1.   0.0012  l        800   +170   +782   +0
209  NGC 7538   23  9.3 +60 58   79.2  +0.9  Anon       10.  : 10.  : O        0.634:     B 2   10.    5.                                         
210  NGC 7635   23 16.3 +60 39   79.9  +0.2  +60 2522    8.5    8.7   O7       0.690   E  B 6   15.5   7.5  0.0003  al      3000   +525  +2952  +12
211  -16 6352   23 38.6 -15 50   37.6 -71.1  -16 6352        v      v M7e              E  B 2    1.5   1.5  0.0025  acl      400   +103    +79 -378
212  NGC 7748   23 40.3 +69 12   84.6  +7.8  +68 1393    6.98:  7.03  B8       0.363:  c  B 1    3.    3.   0.0003  ac       330    +31   +326  +45
213  IC 5366    23 52.6 +52 14   82.7  -9.3  ?                                            C 2   30.   10.                                         
214a +66 1676   23 57.3 +66 36   86.7  +5.2  +66 1676    8.4 :  7.8   G0       0.686   c  B 2   16.   14.                                         
214b +66 1679   23 59.5 +66 36   86.0  +4.9  +66 1679    6.84:  5.84  K0       0.878   c  B 2   25.   20.   0.009   ach      110     +8   +109   +9
215  NGC 7822   23 59.6 +68  0   86.3  +6.4  Cl          6.0 :        A0, ?    1.215   C  A 1   60.   30.   0.0012  acn      800    +51   +794  +90
