    16   0  9.1  27 43 13.0 Gal Peg 111.59 -34.21 2' X 1'       E3       
    23   0  9.9  25 55 13.0 Gal Peg 111.37 -36.01 2' X 2'       Sbp      
    29   0 10.8  33 21 13.5 Gal And 113.26 -28.75 2' X 1'       S(B)b    
    68   0 18.3  30  4 14.5 Gal And 114.46 -32.25 2' X 1'       S0       
   151   0 34.2  -9 42 12.5 Gal Cet 108.94 -72.09 4' X 2'       Sb+      
   163   0 36.1 -10  8 13.0 Gal Cet 110.15 -72.61 1' X 1'       E0       
   175   0 37.4 -19 56 13.0 Gal Cet 98.14  -82.11 3' X 2'       SBb      
   206   0 40.6  40 44  0.0 C/N And 120.70 -22.08                        
   210   0 40.5 -13 53 12.0 Gal Cet 111.50 -76.50 5' X 4'       Sb-      
   227   0 42.7  -1 32 13.0 Gal Cet 117.86 -64.31 2' X 2'       E2       
   255   0 47.8 -11 29 12.5 Gal Cet 119.56 -74.32 3' X 3'       Sb+      
   259   0 48.1  -2 47 12.5 Gal Cet 120.88 -65.64                        
   274   0 51.1  -7  4 13.0 Gal Cet 122.64 -69.93 2' X 2'       E1       
   337   0 59.8  -7 35 12.5 Gal Cet 129.12 -70.35 3' X 2'       Sc       
   357   1  3.4  -6 21 13.0 Gal Cet 131.21 -69.03 3' X 2'       SBa      
   600   1 33.3  -7 19 12.5 Gal Cet 151.48 -67.85                        
   604   1 34.5  30 48  0.0 DfN Tri 133.75 -31.18                        
   636   1 39.1  -7 29 12.5 Gal Cet 155.04 -67.35                        
   672   1 47.9  27 25 11.5 Gal Tri 138.03 -33.78                        
   750   1 57.6  33 12 13.0 Gal Tri 138.51 -27.65                        
   890   2 22.0  33 16 13.0 Gal Tri 143.89 -25.90                        
   925   2 27.3  33 35 11.5 Gal Tri 144.89 -25.18                        
   941   2 28.5  -1  8 13.0 Gal Cet 168.84 -55.12                        
  1035   2 39.4  -8  7 13.0 Gal Cet 181.34 -58.15                        
  1097   2 46.5 -30 17 10.5 Gal For 226.91 -64.66                        
  1156   2 59.8  25 14 12.5 Gal Ari 156.32 -29.20                        
  1187   3  2.6 -22 52 11.0 Gal Eri 212.10 -60.06                        
  1193   3  5.8  44 23 12.5 OCl Per 146.80 -12.18 1.5'          II 3 m   
  1201   3  4.2 -26  3 12.0 Gal For 218.52 -60.39                        
  1232   3  9.7 -20 34 10.5 Gal Eri 208.77 -57.81                        
  1385   3 37.4 -24 30 12.0 Gal For 218.45 -52.74                        
  1407   3 40.1 -18 34 12.0 Gal Eri 209.62 -50.39                        
  1421   3 42.6 -13 30 12.5 Gal Eri 202.84 -47.88                        
  1491   4  3.3  51 18  0.0 DfN Per 150.60 -0.96                         
  1514   4  9.2  30 47  0.0 PlN Tau 165.54 -15.30 120" X 90"    3(2)     
  1569   4 30.9  64 50 12.5 Gal Cam 143.69 11.24                         
  1579   4 30.1  35 16  0.0 DfN Per 165.35 -9.01                         
  1600   4 31.6  -5  4 13.0 Gal Eri 200.39 -33.23                        
  1624   4 40.4  50 27 12.0 C/N Per 155.34 2.57   1.9'          I 2 p n  
  1662   4 48.5  10 56  8.0 OCl Ori 187.70 -21.11 20.0'         I 2 p    
  1700   4 56.9  -4 52 12.5 Gal Eri 203.69 -27.60                        
  1758   5  4.4  23 46  0.0 OCl Tau 179.16 -10.53                        
  1778   5  8.1  37  3  8.5 OCl Aur 168.88 -2.00  7.0'          III 2 p  
  1802   5 10.2  24  6  0.0 Non Tau 0.00   0.00                          
  1883   5 25.9  46 33 12.0 OCl Aur 163.04 6.19   2.5'          II 1 p   
  1896   5 25.4  20 10  0.0 Non Tau 0.00   0.00                          
  1977   5 35.4  -4 48  0.0 C/N Ori 208.48 -19.07                        
  1982   5 35.5  -5 16  0.0 DfN Ori 208.93 -19.27                        
  1985   5 37.7  31 59  0.0 PlN Aur 176.51 0.18   70"           5        
  1990   5 36.3  -1 12  0.0 DfN Ori 205.22 -17.24                        
  1996   5 38.2  25 49  0.0 Non Tau 0.00   0.00                          
  2023   5 41.8  -2 13  0.0 DfN Ori 206.83 -16.50                        
  2026   5 43.1  20  7  0.0 Non Tau 0.00   0.00                          
  2063   5 46.8   8 48  0.0 Non Ori 0.00   0.00                          
  2071   5 47.2   0 18  0.0 DfN Ori 205.18 -14.12                        
  2112   5 53.9   0 24  9.0 OCl Ori 205.90 -12.60 11.0'         II 3 m n 
  2170   6  7.6  -6 23  0.0 DfN Mon 213.69 -12.64                        
  2180   6  9.6   4 43  0.0 Non Ori 0.00   0.00                          
  2182   6  9.5  -6 19  0.0 DfN Mon 213.85 -12.18                        
  2192   6 15.2  39 51 11.0 OCl Aur 173.41 10.64  6.0'          III 1 p  
  2224   6 27.6  12 38  0.0 Non Gem 0.00   0.00                          
  2225   6 26.6  -9 39  0.0 Non Mon 0.00   0.00                          
  2234   6 29.3  16 41  0.0 Non Gem 0.00   0.00                          
  2236   6 29.7   6 50 11.5 OCl Mon 204.37 -1.69  7.0'          III 2 p  
  2240   6 32.9  35 12  0.0 Non Aur 0.00   0.00                          
  2252   6 35.0   5 23  7.5 OCl Mon 206.27 -1.20  20.0'         IV 2 p n 
  2254   6 36.0   7 40 11.0 OCl Mon 204.35 0.09   4.0'          I 2 p    
  2259   6 38.6  10 53 11.0 OCl Mon 201.78 2.13   4.5'          II 2 p n 
  2260   6 38.1  -1 28  0.0 Non Mon 0.00   0.00                          
  2261   6 39.2   8 44  0.0 DfN Mon 203.77 1.26                          
  2262   6 38.4   1 11 11.5 OCl Mon 210.38 -2.36  3.5'          I 2 p    
  2269   6 43.9   4 34 10.0 OCl Mon 208.02 0.42   4.0'          II 2 p   
  2270   6 43.9   3 26  0.0 Non Mon 0.00   0.00                          
  2283   6 45.9 -18 14 13.0 Gal CMa 228.68 -9.38                         
  2302   6 51.9  -7  4  0.0 OCl Mon 219.28 -3.10  2.5'          II 2 p   
  2309   6 56.2  -7 12 10.5 OCl Mon 219.86 -2.26  3.0'          II 2 m   
  2318   6 59.5 -13 42  0.0 Non CMa 0.00   0.00                          
  2339   7  8.4  18 48 12.5 Gal Gem 197.83 12.06                         
  2359   7 17.8 -13 13  0.0 DfN CMa 227.65 -0.29                         
  2367   7 20.1 -21 56  8.0 OCl CMa 235.64 -3.85  3.5'          IV 3 p   
  2374   7 24.0 -13 16  7.5 OCl CMa 228.41 1.05   19.0'         II 3 p   
  2394   7 28.6   7  2  0.0 Non CMi 0.00   0.00                          
  2396   7 28.1 -11 44  7.5 OCl Pup 227.56 2.65   10.0'         III 3 p  
  2401   7 29.4 -13 58 12.5 OCl Pup 229.67 1.85   2.0'          II 3 p   
  2403   7 36.8  65 37  9.5 Gal Cam 150.57 29.18                         
  2413   7 33.3 -13  6  0.0 Non Pup 0.00   0.00                          
  2414   7 33.3 -15 27  8.0 OCl Pup 231.41 1.97   4.0'          I 3 m    
  2425   7 38.3 -14 52  0.0 OCl Pup 231.49 3.31   3.3'          III 2 p  
  2432   7 40.9 -19  5 10.0 OCl Pup 235.48 1.78   8.0'          II 1 p   
  2467   7 52.6 -26 23  7.0 C/N Pup 243.14 0.41   16.0'         n        
  2500   8  1.9  50 45 12.5 Gal Lyn 167.99 31.56                         
  2537   8 13.3  45 59 12.5 Gal Lyn 173.80 32.96                         
  2541   8 14.6  49  3 12.0 Gal Lyn 170.18 33.47                         
  2545   8 14.3  21 21 13.5 Gal Cnc 201.63 27.33                         
  2552   8 19.3  50  0 12.5 Gal Lyn 169.10 34.29                         
  2608   8 35.3  28 29 13.0 Gal Cnc 195.46 34.06                         
  2610   8 33.4 -16  9 13.5 PlN Hya 239.64 13.98  50" X 47"     4(2)     
  2672   8 49.3  19  4 13.0 Gal Cnc 207.46 34.26                         
  2701   8 59.0  53 46 12.5 Gal UMa 164.01 40.23                         
  2763   9  6.9 -15 29 12.5 Gal Hya 244.01 20.86                         
  2764   9  8.2  21 27 14.0 Gal Cnc 206.50 39.23                         
  2781   9 11.5 -14 48 12.5 Gal Hya 244.17 22.15                         
  2798   9 17.4  42  1 13.0 Gal Lyn 179.52 44.31                         
  2815   9 16.3 -23 36 13.0 Gal Hya 252.16 17.42                         
  2844   9 21.8  40 10 13.5 Gal Lyn 182.11 45.15                         
  2855   9 21.5 -11 53 12.5 Gal Hya 243.32 25.87                         
  2880   9 29.5  62 29 13.0 Gal UMa 151.45 41.77                         
  2889   9 27.2 -11 38 12.5 Gal Hya 244.07 27.13                         
  2902   9 30.9 -14 43 13.5 Gal Hya 247.36 25.84                         
  2935   9 36.8 -21  8 12.0 Gal Hya 253.60 22.59                         
  2955   9 41.2  35 53 13.0 Gal LMi 188.44 48.93                         
  2967   9 42.1   0 20 12.0 Gal Sex 235.37 37.28                         
  2983   9 43.7 -20 29 13.0 Gal Hya 254.30 24.18                         
  2986   9 44.3 -21 17 12.5 Gal Hya 255.05 23.73                         
  2990   9 46.3   5 42 13.5 Gal Sex 230.32 41.10                         
  2992   9 45.7 -14 20 13.0 Gal Hya 249.71 28.78                         
  2993   9 45.8 -14 22 13.5 Gal Hya 249.76 28.77                         
  2997   9 45.7 -31 12 10.5 Gal Ant 262.59 16.76                         
  2998   9 48.8  44  5 12.5 Gal UMa 175.71 49.81                         
  3021   9 51.0  33 33 13.0 Gal LMi 192.19 50.84                         
  3041   9 53.2  16 41 12.5 Gal Leo 217.67 47.58                         
  3044   9 53.7   1 35 12.5 Gal Sex 236.20 40.37                         
  3055   9 55.3   4 16 13.0 Gal Sex 233.55 42.22                         
  3067   9 58.4  32 22 13.0 Gal Leo 194.24 52.31                         
  3158  10 13.9  38 47 13.0 Gal LMi 183.21 55.26                         
  3162  10 13.6  22 45 12.5 Gal Leo 211.05 54.09                         
  3254  10 29.3  29 29 12.0 Gal LMi 200.10 58.75                         
  3259  10 32.5  65  2 13.0 Gal UMa 143.26 46.23                         
  3274  10 32.4  27 40 13.0 Gal Leo 203.75 59.24                         
  3300  10 36.6  14 10 13.0 Gal Leo 228.51 56.06                         
  3301  10 37.0  21 52 12.5 Gal Leo 215.25 59.05                         
  3319  10 39.2  41 41 11.5 Gal UMa 175.98 59.33                         
  3320  10 39.6  47 23 13.0 Gal UMa 165.86 57.26                         
  3338  10 42.1  13 45 11.5 Gal Leo 230.33 57.03                         
  3348  10 47.3  72 50 12.5 Gal UMa 134.63 41.35                         
  3353  10 45.4  55 57 13.5 Gal UMa 152.31 53.38                         
  3359  10 46.5  63 13 11.5 Gal UMa 143.61 48.59                         
  3367  10 46.5  13 45 12.5 Gal Leo 231.30 57.96                         
  3370  10 47.0  17 16 12.5 Gal Leo 225.36 59.67                         
  3389  10 48.4  12 32 12.5 Gal Leo 233.71 57.74                         
  3403  10 53.9  73 41 13.0 Gal Dra 133.45 40.96                         
  3423  10 51.2   5 50 12.0 Gal Sex 244.16 54.36                         
  3433  10 52.0  10  9 12.5 Gal Leo 238.31 57.16                         
  3437  10 52.7  22 56 13.0 Gal Leo 215.18 62.82                         
  3445  10 54.6  56 59 13.0 Gal UMa 149.59 53.68                         
  3448  10 54.7  54 19 12.5 Gal UMa 153.03 55.45                         
  3455  10 54.5  17 17 13.0 Gal Leo 226.86 61.30                         
  3458  10 56.0  57  7 13.5 Gal UMa 149.21 53.72                         
  3471  10 59.2  61 32 13.0 Gal UMa 143.73 50.82                         
  3485  11  0.0  14 51 13.0 Gal Leo 232.63 61.34                         
  3488  11  1.4  57 41 13.5 Gal UMa 147.67 53.84                         
  3506  11  4.2  11  5 13.5 Gal Leo 240.23 60.13                         
  3510  11  3.8  28 53 13.0 Gal LMi 202.38 66.21                         
  3511  11  3.2 -23  6 12.0 Gal Crt 272.87 33.38                         
  3513  11  3.5 -23 14 12.0 Gal Crt 273.02 33.29                         
  3516  11  6.8  72 34 12.5 Gal UMa 133.24 42.41                         
  3543  11 10.8  61 22 15.0 Gal UMa 142.19 51.84                         
  3547  11  9.9  10 44 13.0 Gal Leo 242.52 61.03                         
  3549  11 10.9  53 24 13.0 Gal UMa 151.32 57.84                         
  3571  11 11.3 -18 17 13.0 Gal Crt 272.06 38.51                         
  3583  11 14.2  48 19 12.0 Gal UMa 158.12 61.64                         
  3585  11 13.3 -26 45 12.0 Gal Hya 277.26 31.18                         
  3589  11 15.2  60 42 14.5 Gal UMa 142.16 52.69                         
  3595  11 15.4  47 27 13.0 Gal UMa 159.28 62.34                         
  3596  11 15.1  14 48 12.0 Gal Leo 236.89 64.43                         
  3605  11 16.7  18  2 13.5 Gal Leo 230.61 66.37                         
  3611  11 17.5   4 34 12.5 Gal Leo 253.99 58.20                         
  3614  11 18.4  45 45 12.5 Gal UMa 161.55 63.79                         
  3625  11 20.4  57 47 14.0 Gal UMa 144.23 55.43                         
  3629  11 20.5  26 58 13.0 Gal Leo 208.18 69.79                         
  3637  11 20.7 -10 14 13.0 Gal Crt 269.36 46.63                         
  3642  11 22.2  59  5 12.0 Gal UMa 142.56 54.52                         
  3646  11 21.7  20 11 12.0 Gal Leo 226.84 68.35                         
  3659  11 23.7  17 50 13.5 Gal Leo 233.05 67.75                         
  3666  11 24.4  11 21 12.5 Gal Leo 246.39 64.17                         
  3672  11 25.1  -9 48 12.0 Gal Crt 270.43 47.54                         
  3681  11 26.5  16 52 13.0 Gal Leo 236.15 67.85                         
  3683  11 27.5  56 53 13.5 Gal UMa 143.82 56.72                         
  3687  11 27.9  29 31 13.0 Gal UMa 200.64 71.50                         
  3690  11 28.5  58 34 12.5 Gal UMa 141.91 55.41                         
  3691  11 28.1  16 56 13.5 Gal Leo 236.53 68.21                         
  3705  11 30.1   9 17 12.0 Gal Leo 252.01 63.78                         
  3718  11 32.6  53  5 11.5 Gal UMa 147.02 60.21                         
  3732  11 34.3  -9 50 13.5 Gal Crt 273.46 48.56                         
  3735  11 36.1  70 33 12.5 Gal Dra 131.73 45.28                         
  3738  11 35.9  54 32 12.5 Gal UMa 144.55 59.32                         
  3756  11 36.9  54 18 12.5 Gal UMa 144.57 59.59                         
  3769  11 37.6  47 54 12.5 Gal UMa 152.74 64.75                         
  3780  11 39.5  56 17 12.5 Gal UMa 141.90 58.12                         
  3782  11 39.3  46 31 13.5 Gal UMa 154.45 65.97                         
  3795  11 40.2  58 38 14.0 Gal UMa 139.56 56.14                         
  3804  11 41.0  56 13 14.0 Gal UMa 141.63 58.29                         
  3818  11 42.0  -6  9 13.0 Gal Vir 273.60 52.71                         
  3850  11 45.5  55 54 14.5 Gal UMa 140.85 58.89                         
  3872  11 45.8  13 47 13.0 Gal Leo 250.74 69.67                         
  3887  11 47.2 -16 51 12.0 Gal Crt 281.57 43.33                         
  3888  11 47.5  55 59 13.5 Gal UMa 140.30 58.95                         
  3892  11 48.1 -10 57 12.5 Gal Crt 278.85 48.92                         
  3894  11 48.8  59 26 13.0 Gal UMa 137.11 55.95                         
  3904  11 49.3 -29 18 12.5 Gal Hya 287.00 31.63                         
  3913  11 51.0  55 24 14.0 Gal UMa 139.98 59.69                         
  3916  11 50.8  55  9 15.0 Gal UMa 140.26 59.90                         
  3917  11 51.4  51 50 12.5 Gal UMa 143.46 62.85                         
  3952  11 53.7  -3 59 13.0 Gal Vir 276.59 55.89                         
  3955  11 54.1 -23 10 13.0 Gal Crt 286.17 37.82                         
  3956  11 54.2 -20 34 12.5 Gal Crt 285.25 40.32                         
  3961  11 55.0  69 20 14.5 Gal Dra 130.18 47.01                         
  3972  11 55.8  55 20 13.0 Gal UMa 138.83 60.06                         
  3976  11 56.0   6 46 12.5 Gal Vir 267.53 65.74                         
  3985  11 56.7  48 21 13.5 Gal UMa 145.94 66.27                         
  4008  11 58.3  28 12 13.0 Gal Leo 204.71 78.19                         
  4013  11 58.6  43 58 12.5 Gal UMa 151.83 70.09                         
  4024  11 58.6 -18 21 13.0 Gal Crv 285.74 42.74                         
  4032  12  0.6  20  5 12.5 Gal Com 241.45 76.39                         
  4033  12  0.6 -17 50 13.0 Gal Crv 286.18 43.37                         
  4037  12  1.4  13 25 12.5 Gal Com 260.00 71.97                         
  4039  12  1.9 -18 52 13.0 Gal Crv 286.95 42.47                         
  4045  12  2.7   2  1 13.0 Gal Vir 276.45 62.36                         
  4047  12  3.9  48 39 13.0 Gal UMa 142.99 66.59                         
  4050  12  3.0 -16 22 12.5 Gal Crv 286.40 44.93                         
  4062  12  4.1  31 55 12.0 Gal UMa 185.23 78.65                         
  4073  12  4.5   1 55 13.0 Gal Vir 276.91 62.38                         
  4096  12  6.1  47 29 12.0 Gal UMa 143.55 67.80                         
  4100  12  6.2  49 36 12.0 Gal UMa 141.11 65.91                         
  4102  12  6.5  52 43 12.5 Gal UMa 138.07 63.08                         
  4123  12  8.2   2 53 12.0 Gal Vir 277.97 63.63                         
  4124  12  8.2  10 23 12.5 Gal Vir 269.56 70.39                         
  4128  12  8.5  68 47 13.0 Gal Dra 128.69 47.87                         
  4129  12  8.9  -9  1 13.5 Gal Vir 285.54 52.40                         
  4133  12  8.6  74 56 13.0 Gal Dra 126.65 41.90                         
  4138  12  9.6  43 42 12.5 Gal CVn 147.29 71.40                         
  4143  12  9.7  42 33 12.5 Gal CVn 149.16 72.40                         
  4144  12 10.1  46 28 12.5 Gal UMa 143.16 69.01                         
  4145  12 10.1  39 54 11.5 Gal CVn 154.26 74.62                         
  4152  12 10.7  16  3 13.0 Gal Com 260.39 75.42                         
  4157  12 11.1  50 30 12.0 Gal UMa 138.46 65.41                         
  4158  12 11.2  20 11 13.0 Gal Com 247.83 78.45                         
  4162  12 11.9  24  8 13.0 Gal Com 229.36 80.59                         
  4168  12 12.3  13 13 13.0 Gal Vir 267.65 73.33                         
  4183  12 13.4  43 43 12.5 Gal CVn 145.37 71.72                         
  4190  12 13.8  36 39 13.5 Gal CVn 160.62 77.58                         
  4200  12 14.8  12 11 14.0 Gal Vir 271.24 72.75                         
  4206  12 15.3  13  2 14.0 Gal Vir 270.18 73.55                         
  4212  12 15.7  13 55 12.5 Gal Com 268.87 74.36                         
  4215  12 16.0   6 25 13.0 Gal Vir 279.19 67.63                         
  4217  12 15.8  47  6 12.0 Gal CVn 139.88 68.85                         
  4220  12 16.1  47 54 12.5 Gal CVn 138.94 68.13                         
  4224  12 16.6   7 28 13.0 Gal Vir 278.53 68.66                         
  4233  12 17.2   7 38 13.0 Gal Vir 278.74 68.87                         
  4235  12 17.2   7 12 12.5 Gal Vir 279.18 68.46                         
  4236  12 16.7  69 29 10.5 Gal Dra 127.42 47.35                         
  4237  12 17.2  15 20 13.0 Gal Com 267.17 75.76                         
  4242  12 17.4  45 38 11.5 Gal CVn 140.78 70.31                         
  4244  12 17.5  37 49 10.5 Gal CVn 154.57 77.16                         
  4256  12 18.7  65 55 12.5 Gal Dra 128.22 50.88                         
  4260  12 19.4   6  7 12.5 Gal Vir 281.55 67.64                         
  4262  12 19.6  14 53 12.5 Gal Com 270.13 75.67                         
  4267  12 19.8  12 49 12.5 Gal Vir 273.99 73.87                         
  4270  12 19.9   5 29 13.0 Gal Vir 282.38 67.08                         
  4283  12 20.4  29 19 13.0 Gal Com 193.50 82.81                         
  4286  12 20.8  29 21 14.5 Gal Com 193.05 82.88                         
  4290  12 20.8  58  6 12.5 Gal UMa 130.70 58.57                         
  4291  12 20.3  75 23 13.0 Gal Dra 125.55 41.60                         
  4294  12 21.4  11 31 13.0 Gal Vir 277.13 72.85                         
  4298  12 21.6  14 37 12.5 Gal Com 272.35 75.67                         
  4299  12 21.7  11 31 13.5 Gal Vir 277.36 72.88                         
  4302  12 21.8  14 37 12.5 Gal Com 272.53 75.69                         
  4312  12 22.6  15 33 13.0 Gal Com 271.39 76.61                         
  4313  12 22.7  11 49 13.0 Gal Vir 277.74 73.25                         
  4340  12 23.7  16 44 12.5 Gal Com 269.77 77.77                         
  4342  12 23.7   7  4 13.5 Gal Vir 283.48 68.87                         
  4369  12 24.5  39 24 13.0 Gal CVn 145.76 76.52                         
  4377  12 25.3  14 46 13.0 Gal Com 275.37 76.21                         
  4378  12 25.3   4 56 12.5 Gal Vir 286.08 66.93                         
  4379  12 25.3  15 37 13.0 Gal Com 273.76 76.97                         
  4386  12 24.6  75 32 13.0 Gal Dra 125.17 41.49                         
  4388  12 25.8  12 40 12.0 Gal Vir 279.09 74.33                         
  4389  12 25.5  45 42 13.0 Gal CVn 136.75 70.74                         
  4391  12 25.4  64 57 14.0 Gal Dra 127.42 51.96                         
  4395  12 25.7  33 33 10.5 Gal CVn 162.16 81.53                         
  4412  12 26.6   3 58 13.0 Gal Vir 287.47 66.08                         
  4413  12 26.6  12 37 13.5 Gal Vir 279.83 74.35                         
  4417  12 26.9   9 36 12.5 Gal Vir 283.46 71.53                         
  4425  12 27.3  12 45 13.0 Gal Vir 280.25 74.54                         
  4452  12 28.8  11 46 13.0 Gal Vir 282.71 73.73                         
  4454  12 28.9  -1 56 13.0 Gal Vir 291.45 60.42                         
  4455  12 28.8  22 50 13.0 Gal Com 251.58 83.29                         
  4457  12 29.0   3 35 12.0 Gal Vir 289.11 65.84                         
  4458  12 29.0  13 15 13.5 Gal Vir 281.07 75.15                         
  4460  12 28.7  44 52 12.5 Gal CVn 135.84 71.70                         
  4461  12 29.1  13 12 12.5 Gal Vir 281.23 75.11                         
  4469  12 29.5   8 46 12.5 Gal Vir 286.10 70.91                         
  4474  12 30.0  14  5 13.0 Gal Com 280.84 76.01                         
  4476  12 30.1  12 21 13.5 Gal Vir 283.15 74.38                         
  4479  12 30.4  13 35 14.0 Gal Com 281.90 75.58                         
  4496  12 31.7   3 57 12.0 Gal Vir 290.56 66.34                         
  4498  12 31.7  16 52 13.0 Gal Com 277.86 78.75                         
  4503  12 32.2  11 11 12.5 Gal Vir 286.13 73.41                         
  4504  12 32.3  -7 33 12.0 Gal Vir 294.64 55.00                         
  4517  12 32.8   0  7 11.5 Gal Vir 292.74 62.61                         
  4519  12 33.6   8 40 12.5 Gal Vir 289.19 71.05                         
  4532  12 34.4   6 29 12.5 Gal Vir 291.04 68.95                         
  4540  12 34.9  15 34 13.0 Gal Com 283.64 77.80                         
  4564  12 36.5  11 27 12.5 Gal Vir 289.54 73.92                         
  4567  12 36.6  11 16 12.5 Gal Vir 289.76 73.75                         
  4568  12 36.6  11 15 12.0 Gal Vir 289.78 73.73                         
  4571  12 37.0  14 14 12.5 Gal Com 287.51 76.66                         
  4578  12 37.6   9 34 12.0 Gal Vir 291.70 72.13                         
  4580  12 37.9   5 23 13.0 Gal Vir 293.87 68.01                         
  4589  12 37.5  74 12 12.5 Gal Dra 124.23 42.90                         
  4592  12 39.3  -0 31 12.5 Gal Vir 296.40 62.19                         
  4593  12 39.6  -5 20 12.0 Gal Vir 297.45 57.40                         
  4595  12 39.9  15 18 13.0 Gal Com 289.48 77.86                         
  4597  12 40.1  -5 48 12.5 Gal Vir 297.75 56.95                         
  4602  12 40.6  -5  8 12.5 Gal Vir 297.88 57.63                         
  4605  12 40.0  61 37 11.5 Gal UMa 125.33 55.47                         
  4608  12 41.3  10 10 12.5 Gal Vir 294.38 72.86                         
  4612  12 41.6   7 19 12.5 Gal Vir 295.72 70.04                         
  4623  12 42.2   7 41 13.0 Gal Vir 296.04 70.42                         
  4627  12 42.0  32 35 13.5 Gal CVn 142.87 84.18                         
  4632  12 42.6   0  5 12.5 Gal Vir 298.09 62.70                         
  4638  12 42.9  11 27 12.5 Gal Vir 295.16 74.18                         
  4639  12 43.0  13 16 12.5 Gal Vir 294.34 75.99                         
  4647  12 43.6  11 35 12.0 Gal Vir 295.73 74.34                         
  4651  12 43.8  16 24 12.0 Gal Com 293.06 79.12                         
  4653  12 43.9  -0 33 13.0 Gal Vir 298.86 62.25                         
  4656  12 43.9  32 11 11.0 Gal CVn 140.38 84.70                         
  4658  12 44.7 -10  5 13.0 Gal Vir 300.19 52.75                         
  4665  12 45.2   3  4 11.5 Gal Vir 299.09 65.88                         
  4670  12 45.2  27  8 13.5 Gal Com 212.64 88.62                         
  4682  12 47.3 -10  4  0.0 Gal Vir 301.25 52.79                         
  4684  12 47.3  -2 44 12.5 Gal Vir 300.84 60.12                         
  4688  12 47.8   4 21 12.5 Gal Vir 300.56 67.20                         
  4691  12 48.2  -3 20 12.0 Gal Vir 301.33 59.52                         
  4700  12 49.1 -11 24 12.5 Gal Vir 302.02 51.46                         
  4701  12 49.2   3 24 13.0 Gal Vir 301.51 66.26                         
  4710  12 49.5  15 10 12.0 Gal Com 300.79 78.03                         
  4713  12 50.0   5 19 12.5 Gal Vir 301.93 68.18                         
  4731  12 51.0  -6 24 11.5 Gal Vir 302.73 56.47                         
  4742  12 51.8 -10 28 12.5 Gal Vir 303.08 52.40                         
  4747  12 51.7  25 47 12.5 Gal Com 305.86 88.65                         
  4750  12 50.1  72 53 12.5 Gal Dra 123.07 44.25                         
  4756  12 52.9 -15 24 13.5 Gal Crv 303.46 47.47                         
  4765  12 53.3   4 28 13.0 Gal Vir 304.10 67.33                         
  4771  12 53.4   1 16 13.0 Gal Vir 304.03 64.13                         
  4772  12 53.5   2 10 12.5 Gal Vir 304.12 65.03                         
  4775  12 53.7  -6 37 12.0 Gal Vir 303.94 56.25                         
  4782  12 54.6 -12 35 13.0 Gal Crv 304.15 50.28                         
  4783  12 54.6 -12 34 13.0 Gal Crv 304.15 50.29                         
  4786  12 54.6  -6 51 13.0 Gal Vir 304.33 56.01                         
  4790  12 54.8 -10 14 13.0 Gal Vir 304.30 52.62                         
  4793  12 54.6  28 57 12.5 Gal Com 102.00 88.05                         
  4808  12 55.9   4 18 12.5 Gal Vir 305.76 67.14                         
  4814  12 55.4  58 21 12.5 Gal UMa 121.95 58.77                         
  4818  12 56.9  -8 31 12.0 Gal Vir 305.25 54.33                         
  4861  12 59.1  34 52 12.5 Gal CVn 111.48 82.09                         
  4889  13  0.1  27 59 12.5 Gal Com 57.35  87.90                         
  4899  13  0.9 -13 57 12.5 Gal Vir 306.43 48.85                         
  4902  13  0.9 -14 31 12.0 Gal Vir 306.39 48.29                         
  4904  13  1.0   0  2 13.0 Gal Vir 308.14 62.74                         
  4915  13  1.4  -4 32 13.0 Gal Vir 307.65 58.24                         
  4928  13  2.9  -8  5 13.5 Gal Vir 307.84 54.68                         
  4933  13  3.8 -11 30 13.0 Gal Vir 307.78 51.25                         
  4939  13  4.3 -10 21 11.5 Gal Vir 308.13 52.39                         
  4941  13  4.2  -5 33 12.5 Gal Vir 308.79 57.17                         
  4951  13  5.1  -6 30 12.5 Gal Vir 309.04 56.21                         
  4961  13  5.8  27 44 13.5 Gal Com 44.49  86.76                         
  4973  13  6.0  53 40 15.0 Gal UMa 118.14 63.33                         
  4981  13  8.7  -6 47 12.5 Gal Vir 310.58 55.83                         
  4984  13  9.0 -15 31 12.0 Gal Vir 309.18 47.14                         
  4999  13  9.6   1 40 12.5 Gal Vir 313.37 64.17                         
  5012  13 11.6  22 55 12.5 Gal Com 351.38 83.79                         
  5016  13 12.1  24  6 13.0 Gal Com 1.07   84.44                         
  5017  13 12.9 -16 46 13.5 Gal Vir 310.33 45.80                         
  5018  13 12.9 -19 31 12.0 Gal Vir 309.89 43.07                         
  5037  13 15.0 -16 36 13.0 Gal Vir 311.08 45.90                         
  5044  13 15.4 -16 24 12.0 Gal Vir 311.25 46.09                         
  5053  13 16.4  17 42 11.0 GCl Com 335.51 78.93  10.5'         11       
  5061  13 18.1 -26 52 12.0 Gal Hya 310.24 35.63                         
  5068  13 18.9 -21  3 11.0 Gal Vir 311.48 41.37                         
  5074  13 18.5  31 28 14.5 Gal CVn 70.97  82.69                         
  5077  13 19.5 -12 40 12.5 Gal Vir 313.55 49.63                         
  5084  13 20.2 -21 50 12.5 Gal Vir 311.73 40.55                         
  5085  13 20.4 -24 25 12.0 Gal Hya 311.28 37.99                         
  5087  13 20.4 -20 37 13.0 Gal Vir 312.03 41.75                         
  5101  13 21.8 -27 27 12.0 Gal Hya 311.14 34.94                         
  5116  13 23.0  26 59 13.0 Gal Com 33.59  82.98                         
  5147  13 26.4   2  6 12.5 Gal Vir 322.88 63.62                         
  5170  13 29.7 -17 58 12.0 Gal Vir 315.65 43.96                         
  5198  13 30.3  46 40 13.0 Gal CVn 104.12 69.01                         
  5204  13 29.5  58 25 12.0 Gal UMa 113.51 58.00                         
  5230  13 35.5  13 40 13.0 Gal Vir 342.57 73.06                         
  5247  13 38.0 -17 53 11.5 Gal Vir 318.31 43.59                         
  5253  13 39.9 -31 39 11.0 Gal Cen 314.86 30.09                         
  5297  13 46.3  43 53 12.5 Gal CVn 93.01  69.93                         
  5300  13 48.3   3 58 12.0 Gal Vir 335.73 63.15                         
  5308  13 46.9  60 59 13.0 Gal UMa 111.25 54.88                         
  5313  13 49.8  40  0 13.0 Gal CVn 83.42  72.36                         
  5324  13 52.0  -6  2 12.5 Gal Vir 328.98 53.73                         
  5326  13 50.9  39 35 13.5 Gal CVn 81.92  72.48                         
